1.4 -7.87827671074089 -7.758366256651399 -7.7359732578456715 -7.7359732578456715
1.4163265306122448 -7.879239848427212 -7.759335313576365 -7.737524160299841 -7.737524160299841
1.4326530612244897 -7.880067129363303 -7.760169112496114 -7.738973669359969 -7.738973669359969
1.4489795918367345 -7.880765312394668 -7.760874494818425 -7.740326686153184 -7.740326686153184
1.4653061224489796 -7.881340833207399 -7.761457993965361 -7.741587822233937 -7.741587822233937
1.4816326530612245 -7.8817998235917255 -7.761925858199522 -7.742761414620243 -7.742761414620243
1.4979591836734694 -7.882148129263753 -7.762284073049991 -7.743851538309971 -7.743851538309971
1.5142857142857142 -7.882391326366063 -7.762538383826122 -7.744862016024535 -7.744862016024535
1.530612244897959 -7.882534736760206 -7.762694318852745 -7.745796424766455 -7.745796424766455
1.546938775510204 -7.882583442214845 -7.762757214278719 -7.746658098542578 -7.746658098542578
1.5632653061224488 -7.882542297585604 -7.7627322416456055 -7.7474501262551625 -7.7474501262551625
1.5795918367346937 -7.8824159430747205 -7.762624439919926 -7.748175343232002 -7.748175343232002
1.5959183673469388 -7.882208815650483 -7.762438754499705 -7.74883631404451 -7.74883631404451
1.6122448979591837 -7.881925159699368 -7.762180086986986 -7.749435302968497 -7.749435302968497
1.6285714285714286 -7.88156903697734 -7.761853361576453 -7.7499742263722 -7.7499742263722
1.6448979591836734 -7.8811443359202205 -7.761463617256913 -7.750454577957789 -7.750454577957789
1.6612244897959183 -7.880654780366982 -7.761016140501626 -7.750877312291066 -7.750877312291066
1.6775510204081634 -7.880103937745071 -7.760516662071157 -7.751242663098696 -7.751242663098696
1.693877551020408 -7.879495226761819 -7.759971655803096 -7.751549858551355 -7.751549858551355
1.7102040816326531 -7.878831924641491 -7.759388798284082 -7.751796674722017 -7.751796674722017
1.726530612244898 -7.878117173943637 -7.75877767263716 -7.751978744063502 -7.751978744063502
1.7428571428571429 -7.877353988995267 -7.758150801868945 -7.752088533532006 -7.752088533532006
1.7591836734693878 -7.876545261965402 -7.757524979248801 -7.752114024947942 -7.752114024947942
1.7755102040816326 -7.87569376860853 -7.756922360227583 -7.752037633146144 -7.752037633146144
1.7918367346938777 -7.8748021737005045 -7.756369549318717 -7.751837128546556 -7.751837128546556
1.8081632653061224 -7.873873036187814 -7.7558917913326075 -7.7514914548029274 -7.7514914548029274
1.8244897959183675 -7.8729088140701275 -7.755502465850313 -7.750991242690426 -7.750991242690426
1.8408163265306123 -7.871911869032788 -7.755196350933426 -7.750345554275005 -7.750345554275005
1.8571428571428572 -7.870884470845279 -7.75495443396846 -7.7495770795055225 -7.7495770795055225
1.873469387755102 -7.869828801539965 -7.7547544905590815 -7.748711564349974 -7.748711564349974
1.889795918367347 -7.868746959383567 -7.754577945772592 -7.747770956201564 -7.747770956201564
1.906122448979592 -7.867640962653059 -7.754411508826572 -7.746771775497833 -7.746771775497833
1.9224489795918367 -7.866512753226333 -7.7542463354278315 -7.745725959368351 -7.745725959368351
1.9387755102040818 -7.865364199997111 -7.754076734065148 -7.744642161033976 -7.744642161033976
1.9551020408163267 -7.864197102121981 -7.753899110167119 -7.743526811068595 -7.743526811068595
1.9714285714285715 -7.86301319210779 -7.753711236343846 -7.742384852326373 -7.742384852326373
1.9877551020408164 -7.861814138745185 -7.753511775790869 -7.741220221473499 -7.741220221473499
2.0040816326530613 -7.860601549894921 -7.7532999755841825 -7.740036160414209 -7.740036160414209
2.0204081632653064 -7.859376975131615 -7.753075468599907 -7.73883541889142 -7.73883541889142
2.036734693877551 -7.858141908250029 -7.752838144095241 -7.737620388241118 -7.737620388241118
2.053061224489796 -7.856897789637367 -7.752588061899461 -7.736393191362393 -7.736393191362393
2.069387755102041 -7.8556460085156585 -7.75232539465082 -7.735155744480226 -7.735155744480226
2.085714285714286 -7.854387905056859 -7.7520503883556415 -7.733909800433503 -7.733909800433503
2.1020408163265305 -7.853124772373477 -7.751763335123411 -7.732656979643872 -7.732656979643872
2.1183673469387756 -7.851857858387364 -7.751464554133822 -7.731398792717534 -7.731398792717534
2.1346938775510207 -7.850588367578204 -7.751154378263511 -7.730136657258437 -7.730136657258437
2.1510204081632653 -7.849317462614197 -7.750833144667949 -7.72887191060405 -7.72887191060405
2.1673469387755104 -7.848046265865994 -7.7505011881699915 -7.727605819636766 -7.727605819636766
2.183673469387755 -7.846775860806311 -7.750158836669759 -7.726339588461378 -7.726339588461378
2.2 -7.845507293296209 -7.749806408030407 -7.725074364497277 -7.725074364497277
