# 6-311G**, QED-FCI, Np = 1, omega = 0.12086, lz = 0.08, r_array = np.linspace(1.4, 2.2, 50)
1.4, -7.869457003163508, -7.732748794446341, -7.7509776376365, -7.711425518198664, -7.711425518198664 
1.4163265306122448, -7.87039353408684, -7.73436510971956, -7.752017647473935, -7.7127800195881955, -7.7127800195881955 
1.4326530612244897, -7.871193528333263, -7.735886511542308, -7.752926924198479, -7.714027441352832, -7.714027441352832 
1.4489795918367345, -7.8718637555772, -7.737318071060644, -7.753712593772123, -7.715172419342159, -7.715172419342159 
1.4653061224489796, -7.872410660891124, -7.738664587296402, -7.754381480355203, -7.71621929063857, -7.71621929063857 
1.4816326530612245, -7.872840384220974, -7.739930605544333, -7.754940126572439, -7.717172111498195, -7.717172111498195 
1.4979591836734694, -7.873158778399924, -7.74112043428146, -7.755394812215901, -7.718034673888757, -7.718034673888757 
1.5142857142857142, -7.8733714258231755, -7.742238160707358, -7.7557515714657015, -7.7188105207826805, -7.7188105207826805 
1.530612244897959, -7.873483653898632, -7.74328766502638, -7.756016208693706, -7.719502960364096, -7.719502960364096 
1.546938775510204, -7.873500549378396, -7.744272633574344, -7.756194312897692, -7.7201150793084965, -7.7201150793084965 
1.5632653061224488, -7.873426971669134, -7.745196570885529, -7.756291270797789, -7.720649755296144, -7.720649755296144 
1.5795918367346937, -7.8732675652097885, -7.746062810787766, -7.756312278609106, -7.721109668921342, -7.721109668921342 
1.5959183673469388, -7.8730267709974555, -7.746874526606265, -7.756262352488724, -7.721497315161092, -7.721497315161092 
1.6122448979591837, -7.872708837336014, -7.7476347405516615, -7.756146337642011, -7.721815014568554, -7.721815014568554 
1.6285714285714286, -7.8723178298733325, -7.748346332359724, -7.755968916060025, -7.7220649243540995, -7.7220649243540995 
1.6448979591836734, -7.871857640988444, -7.7490120472465795, -7.755734612853559, -7.722249049514662, -7.722249049514662 
1.6612244897959183, -7.871331998582436, -7.749634503236033, -7.755447801144993, -7.722369254162505, -7.722369254162505 
1.6775510204081634, -7.870744474323016, -7.750216197912532, -7.755112705484021, -7.7224272731923325, -7.7224272731923325 
1.693877551020408, -7.870098491386694, -7.750759514647772, -7.754733403763945, -7.722424724404503, -7.722424724404503 
1.7102040816326531, -7.869397331738894, -7.751266728345327, -7.754313827636318, -7.7223631211733474, -7.7223631211733474 
1.726530612244898, -7.868644142987608, -7.751740010743864, -7.753857761451821, -7.7222438857114355, -7.7222438857114355 
1.7428571428571429, -7.867841944843841, -7.752181435316548, -7.753368839797166, -7.722068362933408, -7.722068362933408 
1.7591836734693878, -7.866993635217309, -7.752592981800716, -7.75285054374721, -7.721837834865371, -7.721837834865371 
1.7755102040816326, -7.866101995974573, -7.7529765403893816, -7.75230619601083, -7.721553535482901, -7.721553535482901 
1.7918367346938777, -7.86516969838318, -7.75333391561397, -7.751738955211637, -7.721216665792143, -7.721216665792143 
1.8081632653061224, -7.8641993082635, -7.753666829944651, -7.751151809607213, -7.720828408901237, -7.720828408901237 
1.8244897959183675, -7.8631932908679545, -7.753976927133414, -7.750547570607779, -7.720389944768646, -7.720389944768646 
1.8408163265306123, -7.862154015505441, -7.754265775322967, -7.749928866499343, -7.719902464267006, -7.719902464267006 
1.8571428571428572, -7.861083759926573, -7.754534869941769, -7.749298136800438, -7.719367182171882, -7.719367182171882 
1.873469387755102, -7.859984714485223, -7.754785636406331, -7.748657627683386, -7.7187853486836, -7.7187853486836 
1.889795918367347, -7.858858986088593, -7.755019432647478, -7.7480093888600585, -7.718158259113639, -7.718158259113639 
1.906122448979592, -7.8577086019484845, -7.755237551478426, -7.747355272276051, -7.717487261424543, -7.717487261424543 
1.9224489795918367, -7.856535513144396, -7.7554412228200995, -7.746696932870889, -7.716773761393845, -7.716773761393845 
1.9387755102040818, -7.855341598008169, -7.75563161579796, -7.746035831556123, -7.716019225276553, -7.716019225276553 
1.9551020408163267, -7.854128665339064, -7.755809840723815, -7.745373240444553, -7.715225179956891, -7.715225179956891 
1.9714285714285715, -7.852898457457443, -7.755976950975443, -7.744710250244141, -7.714393210698914, -7.714393210698914 
1.9877551020408164, -7.8516526531039394, -7.756133944784803, -7.744047779617654, -7.713524956714073, -7.713524956714073 
2.0040816326530613, -7.850392870190641, -7.756281766946027, -7.743386586216964, -7.712622104856188, -7.712622104856188 
2.0204081632653064, -7.849120668410055, -7.756421310452407, -7.742727279032476, -7.711686381819639, -7.711686381819639 
2.036734693877551, -7.847837551706996, -7.756553418071747, -7.742070331660038, -7.710719545254269, -7.710719545254269 
2.053061224489796, -7.846544970617761, -7.756678883867825, -7.741416096077806, -7.709723374217542, -7.709723374217542 
2.069387755102041, -7.845244324480831, -7.756798454675751, -7.74076481654369, -7.708699659366451, -7.708699659366451 
2.085714285714286, -7.843936963522611, -7.756912831537653, -7.740116643262372, -7.707650193250628, -7.707650193250628 
2.1020408163265305, -7.842624190821085, -7.7570226711048855, -7.739471645525477, -7.706576761012934, -7.706576761012934 
2.1183673469387756, -7.841307264150872, -7.757128587012485, -7.738829824091546, -7.705481131740151, -7.705481131740151 
2.1346938775510207, -7.839987397711604, -7.757231151230151, -7.738191122636904, -7.704365050639286, -7.704365050639286 
2.1510204081632653, -7.838665763742084, -7.757330895394601, -7.737555438171624, -7.7032302321523085, -7.7032302321523085 
2.1673469387755104, -7.8373434940225595, -7.757428312126464, -7.736922630370533, -7.7020783540646205, -7.7020783540646205 
2.183673469387755, -7.836021681267035, -7.757523856335673, -7.736292529816782, -7.700911052614947, -7.700911052614947 
2.2, -7.83470138040755, -7.7576179465171, -7.735664945192388, -7.699729918575125, -7.699729918575125 
