0.6 -7.347358324660806	 -7.342752014734867
0.7 -7.501016298218075	 -7.5003063716998915
0.8 -7.622709904199878	 -7.610216044976343
0.9 -7.707414121357428	 -7.692783921294679
1.0 -7.765893776621878	 -7.754017395412244
1.1 -7.805689495704636	 -7.795863267844465
1.2 -7.832139922009642	 -7.823969997218671
1.3 -7.849043025520788	 -7.842329420587886
1.4 -7.859109266714126	 -7.853753171847742
1.5 -7.864281782350675	 -7.8602516829052975
1.6 -7.865964559195528	 -7.8638610888874
1.7 -7.865186725175319	 -7.86989898318908
1.8 -7.862729563112137	 -7.8745424646003155
1.9 -7.859257980148955	 -7.878266302650716
2.0 -7.856394430920388	 -7.881460552413263
2.1 -7.85774354367704	 -7.884458644573023
2.2 -7.858721066779983	 -7.8875481738277085
2.3 -7.859453923790538	 -7.89095188785784
2.4 -7.86003814900068	 -7.89475636308872
2.5 -7.860546539733373	 -7.898800705675426
2.6 -7.861034372589268	 -7.902667364711804
2.7 -7.861543865561643	 -7.9059254023684895
2.8 -7.862107809186671	 -7.9084017877567625
2.9 -7.862752586633059	 -7.910172758376389
3.0 -7.863500702749938	 -7.911402629169152
