#        6_311++gdp             6_31g
0.6 -7.445817826378008	 -7.415477594155571
0.7 -7.62087006502575	 -7.596669826305333
0.8 -7.742641211284627	 -7.723806074858325
0.9 -7.827351200603812	 -7.812476757127489
1.0 -7.885824040902731	 -7.873742483509207
1.1 -7.925606133679806	 -7.91556981842344
1.2 -7.952036375026876	 -7.943629052938679
1.3 -7.968910971581118	 -7.961908328444353
1.4 -7.9789368588066365	 -7.973200332143258
1.5 -7.984051042224216	 -7.979469305557732
1.6 -7.985646438749166	 -7.982113980303685
1.7 -7.984730293404367	 -7.9821481759234745
1.8 -7.98203477651196	 -7.980322277318273
1.9 -7.978094650006263	 -7.977205859506745
2.0 -7.973302386814608	 -7.973246461563323
2.1 -7.967947538546897	 -7.968814183182996
2.2 -7.962244861573254	 -7.96423632473234
2.3 -7.956354388100417	 -7.959817290297262
2.4 -7.950395800495007	 -7.95582177719255
2.5 -7.94445886396288	 -7.95239024529428
2.6 -7.938611193459214	 -7.949430767028868
2.7 -7.932904250275075	 -7.946667017675816
2.8 -7.927378176664187	 -7.943864809855392
2.9 -7.922065882327293	 -7.940962035435839
3.0 -7.916996693161246	 -7.938015340645296
