# sto-3g, QED-FCI, Np = 3, omega = 0.12086, lz = 0.02, r_array = np.linspace(1.4, 2.2, 50)
1.4, -7.877893948055378, -7.757496910025045, -7.75113596411971, -7.7350252530643955, -7.7350252530643955 
1.4163265306122448, -7.878855769782081, -7.758486761643819, -7.75280259109808, -7.7365538920269366, -7.7365538920269366 
1.4326530612244897, -7.879681701115378, -7.75934315988394, -7.754373404336475, -7.737979282990389, -7.737979282990389 
1.4489795918367345, -7.880378501659913, -7.760073167511584, -7.755853421638061, -7.739306103795755, -7.739306103795755 
1.4653061224489796, -7.880952607739013, -7.7606835747949106, -7.75724738914908, -7.740538707010635, -7.740538707010635 
1.4816326530612245, -7.881410151669084, -7.76118092915351, -7.758559799689776, -7.741681128171478, -7.741681128171478 
1.4979591836734694, -7.881756979591523, -7.761571565858431, -7.75979490962242, -7.742737090052619, -7.742737090052619 
1.5142857142857142, -7.881998667982753, -7.7618616405621434, -7.760956754372246, -7.743710002417684, -7.743710002417684 
1.530612244897959, -7.88214053895563, -7.762049162710453, -7.762057164605731, -7.744602956527253, -7.744602956527253 
1.546938775510204, -7.882187674455949, -7.762164044251841, -7.763075769899264, -7.745418713457109, -7.745418713457109 
1.5632653061224488, -7.88214492945032, -7.762188125225567, -7.764040029793252, -7.746159685035212, -7.746159685035212 
1.5795918367346937, -7.882016944193426, -7.762135244184253, -7.764945225982905, -7.74682790595026, -7.74682790595026 
1.5959183673469388, -7.8818081556543556, -7.762011288924925, -7.7657944820598, -7.747424995382511, -7.747424995382511 
1.6122448979591837, -7.881522808175836, -7.761822269150142, -7.766590771077291, -7.747952106484539, -7.747952106484539 
1.6285714285714286, -7.881164963431842, -7.761574399194178, -7.767336924273111, -7.748409862442595, -7.748409862442595 
1.6448979591836734, -7.880738509744058, -7.7612741928068205, -7.768035639116339, -7.748798279145431, -7.748798279145431 
1.6612244897959183, -7.880247170811059, -7.760928567111646, -7.768689486734673, -7.749116677454772, -7.749116677454772 
1.6775510204081634, -7.879694513899115, -7.760544947011211, -7.7693009187741415, -7.749363593907595, -7.749363593907595 
1.693877551020408, -7.8790839575388105, -7.760131351129133, -7.769872273738532, -7.749536708853096, -7.749536708853096 
1.7102040816326531, -7.878418778767004, -7.759696424885361, -7.7704057828521975, -7.7496328265133485, -7.7496328265133485 
1.726530612244898, -7.87770211994987, -7.759249367169898, -7.770903575485684, -7.7496479605789474, -7.7496479605789474 
1.7428571428571429, -7.87693699521945, -7.758799682611435, -7.7713676841812624, -7.749577593415024, -7.749577593415024 
1.7591836734693878, -7.876126296552406, -7.758356700335021, -7.771800049311534, -7.749417168046968, -7.749417168046968 
1.7755102040816326, -7.875272799517397, -7.7579288573148535, -7.7722025234021705, -7.749162814879427, -7.749162814879427 
1.7918367346938777, -7.874379168714687, -7.757522857803827, -7.772576875147131, -7.748812201720985, -7.748812201720985 
1.8081632653061224, -7.873447962929162, -7.757142944288652, -7.7729247931426, -7.7483652717148095, -7.7483652717148095 
1.8244897959183675, -7.8724816400160265, -7.756790550218403, -7.773247889363738, -7.74782459897322, -7.74782459897322 
1.8408163265306123, -7.871482561536878, -7.756464479834693, -7.773547702406556, -7.747195216629557, -7.747195216629557 
1.8571428571428572, -7.870452997161245, -7.756161535578885, -7.773825700515363, -7.74648399686969, -7.74648399686969 
1.873469387755102, -7.86939512884862, -7.7558773463594255, -7.774083284415199, -7.745698829696374, -7.745698829696374 
1.889795918367347, -7.868311054823012, -7.7556071394261625, -7.774321789966351, -7.744847857710548, -7.744847857710548 
1.906122448979592, -7.867202793352019, -7.755346305233418, -7.774542490657412, -7.7439389175580775, -7.7439389175580775 
1.9224489795918367, -7.866072286340918, -7.755090726629482, -7.774746599952071, -7.74297921673184, -7.74297921673184 
1.9387755102040818, -7.864921402750734, -7.754836917441237, -7.774935273503149, -7.741975200684444, -7.741975200684444 
1.9551020408163267, -7.863751941848911, -7.754582036609128, -7.7751096112466005, -7.740932544119531, -7.740932544119531 
1.9714285714285715, -7.862565636300262, -7.754323835041063, -7.775270659387688, -7.739856209314468, -7.739856209314468 
1.9877551020408164, -7.861364155104474, -7.75406057428619, -7.775419412289423, -7.738750532391247, -7.738750532391247 
2.0040816326530613, -7.8601491063864675, -7.753790939838416, -7.7755568142736715, -7.737619314744114, -7.737619314744114 
2.0204081632653064, -7.858922040044596, -7.753513960514007, -7.775683761343416, -7.736465908194149, -7.736465908194149 
2.036734693877551, -7.857684450261527, -7.753228938512524, -7.775801102834835, -7.735293289276488, -7.735293289276488 
2.053061224489796, -7.856437777881559, -7.752935391105806, -7.775909643006162, -7.734104121727339, -7.734104121727339 
2.069387755102041, -7.855183412658217, -7.752633003167975, -7.776010142570225, -7.732900807969607, -7.732900807969607 
2.085714285714286, -7.853922695375111, -7.752321589093843, -7.776103320176748, -7.731685531059837, -7.731685531059837 
2.1020408163265305, -7.852656919842316, -7.752001062526082, -7.776189853849292, -7.7304602886840375, -7.7304602886840375 
2.1183673469387756, -7.8513873347714656, -7.751671412430015, -7.776270382382159, -7.729226920672885, -7.729226920672885 
2.1346938775510207, -7.8501151455307125, -7.751332684259263, -7.776345506701081, -7.727987131298587, -7.727987131298587 
2.1510204081632653, -7.848841515782057, -7.7509849651759595, -7.776415791191296, -7.726742507396048, -7.726742507396048 
2.1673469387755104, -7.847567569002234, -7.750628372490063, -7.7764817649962295, -7.725494533148758, -7.725494533148758 
2.183673469387755, -7.84629438988926, -7.750263044653348, -7.776543923289748, -7.724244602208537, -7.724244602208537 
2.2, -7.845023025655687, -7.749889134282926, -7.776602728523613, -7.722994027677045, -7.722994027677045 
