1.4 -7.878276711318 -7.758382822177113 -7.735973337292001 -7.735973337292001
1.4163265306122448 -7.879239849049023 -7.759352501400788 -7.737524250154154 -7.737524250154154
1.4326530612244897 -7.88006713003284 -7.76018693902861 -7.738973771366261 -7.738973771366261
1.4489795918367345 -7.880765313115166 -7.760892976927056 -7.740326802418799 -7.740326802418799
1.4653061224489796 -7.881340833982316 -7.76147714890867 -7.741587955322065 -7.741587955322065
1.4816326530612245 -7.881799824424768 -7.761945703529347 -7.742761567670718 -7.742761567670718
1.4979591836734694 -7.882148130158884 -7.7623046264752835 -7.7438517151987325 -7.7438517151987325
1.5142857142857142 -7.882391327327527 -7.762559663022832 -7.74486222157623 -7.74486222157623
1.530612244897959 -7.88253473779254 -7.762716341198826 -7.745796665041526 -7.745796665041526
1.546938775510204 -7.882583443322915 -7.762779996483046 -7.7466583812297065 -7.7466583812297065
1.5632653061224488 -7.882542298774616 -7.762755799224825 -7.747450461215327 -7.747450461215327
1.5795918367346937 -7.882415944350243 -7.762648786453223 -7.748175743263961 -7.748175743263961
1.5959183673469388 -7.882208817018473 -7.76246390055403 -7.7488367959792 -7.7488367959792
1.6122448979591837 -7.881925161166205 -7.762206038544255 -7.749435889260834 -7.749435889260834
1.6285714285714286 -7.881569038549841 -7.761880117694173 -7.749974947458904 -7.749974947458904
1.6448979591836734 -7.881144337605684 -7.761491166526371 -7.750455475816815 -7.750455475816815
1.6612244897959183 -7.880654782173203 -7.761044455587092 -7.7508784459195175 -7.7508784459195175
1.6775510204081634 -7.880103939680386 -7.760545691140462 -7.751244117098479 -7.751244117098479
1.693877551020408 -7.879495228835136 -7.7600013088841715 -7.7515517567881025 -7.7515517567881025
1.7102040816326531 -7.878831926862316 -7.759418925400572 -7.751799202204151 -7.751799202204151
1.726530612244898 -7.878117176322128 -7.758808029167184 -7.7519821815970875 -7.7519821815970875
1.7428571428571429 -7.877353991542271 -7.758180996440194 -7.752093309838295 -7.752093309838295
1.7591836734693878 -7.876545264692482 -7.757554406568219 -7.752120783845071 -7.752120783845071
1.7755102040816326 -7.875693771528022 -7.75695015088159 -7.752047283759034 -7.752047283759034
1.7918367346938777 -7.874802176825563 -7.756394634218177 -7.751850780870408 -7.751850780870408
1.8081632653061224 -7.87387303953245 -7.755913206768453 -7.751510114654422 -7.751510114654422
1.8244897959183675 -7.872908817649265 -7.755519800006987 -7.751015365199127 -7.751015365199127
1.8408163265306123 -7.871911872862321 -7.755209901901103 -7.750374885873554 -7.750374885873554
1.8571428571428572 -7.870884474942109 -7.754964920119718 -7.749610947552948 -7.749610947552948
1.873469387755102 -7.869828805922062 -7.754762677320199 -7.748749250357338 -7.748749250357338
1.889795918367347 -7.868746964070036 -7.754584459706639 -7.747811881742384 -7.747811881742384
1.906122448979592 -7.8676409676641805 -7.75441680925779 -7.746815530573516 -7.746815530573516
1.9224489795918367 -7.866512758583633 -7.75425074567827 -7.745772271156877 -7.745772271156877
1.9387755102040818 -7.865364205723424 -7.754080480138366 -7.744690855186797 -7.744690855186797
1.9551020408163267 -7.864197108241491 -7.7539023514440295 -7.743577780989819 -7.743577780989819
1.9714285714285715 -7.86301319864611 -7.753714087011533 -7.742438037712933 -7.742438037712933
1.9877551020408164 -7.861814145729417 -7.753514319171959 -7.741275593948003 -7.741275593948003
2.0040816326530613 -7.8606015573536965 -7.753302273629532 -7.740093713986861 -7.740093713986861
2.0204081632653064 -7.859376983095176 -7.753077568213258 -7.738895163581883 -7.738895163581883
2.036734693877551 -7.858141916750262 -7.752840081400378 -7.737682345748686 -7.737682345748686
2.053061224489796 -7.856897798707871 -7.752589865164416 -7.736457392069335 -7.736457392069335
2.069387755102041 -7.855646018191779 -7.7523270863250975 -7.735222225331457 -7.735222225331457
2.085714285714286 -7.8543879153757405 -7.7520519865130835 -7.733978603399046 -7.733978603399046
2.1020408163265305 -7.8531247833741045 -7.751764854500417 -7.732728150573683 -7.732728150573683
2.1183673469387756 -7.851857870110573 -7.751466006887858 -7.731472380462948 -7.731472380462948
2.1346938775510207 -7.850588380066711 -7.751155774535019 -7.730212712976273 -7.730212712976273
2.1510204081632653 -7.849317475912609 -7.750834493002228 -7.728950487186232 -7.728950487186232
2.1673469387755104 -7.848046280020808 -7.75050249583784 -7.727686971226026 -7.727686971226026
2.183673469387755 -7.846775875865886 -7.750160109913884 -7.726423370025399 -7.726423370025399
2.2 -7.8455073093107375 -7.749807652256851 -7.725160831441867 -7.725160831441867
