1.4 -7.878259851984436 -7.758373131927407 -7.735941009555434 -7.735941009555434
1.4163265306122448 -7.879222012222459 -7.759342288772986 -7.737491456898144 -7.737491456898144
1.4326530612244897 -7.880048306898049 -7.760176205110133 -7.738940500030207 -7.738940500030207
1.4489795918367345 -7.8807454967798 -7.760881723960305 -7.740293040213682 -7.740293040213682
1.4653061224489796 -7.8813200194046376 -7.761465380136883 -7.741553689330565 -7.741553689330565
1.4816326530612245 -7.881778008339214 -7.7619334230163215 -7.742726784977824 -7.742726784977824
1.4979591836734694 -7.882125311000331 -7.762291838891121 -7.7438164030608965 -7.7438164030608965
1.5142857142857142 -7.882367505155029 -7.762546373384976 -7.744826367640619 -7.744826367640619
1.530612244897959 -7.882509914213211 -7.762702554551708 -7.745760257631862 -7.745760257631862
1.546938775510204 -7.882557621416696 -7.762765717492598 -7.746621409723004 -7.746621409723004
1.5632653061224488 -7.882515483020298 -7.762741031651397 -7.747412916545496 -7.747412916545496
1.5795918367346937 -7.88238814055339 -7.762633532448961 -7.7481376186064725 -7.7481376186064725
1.5959183673469388 -7.882180032241486 -7.762448159701216 -7.748798087699923 -7.748798087699923
1.6122448979591837 -7.881895403661045 -7.762189806504913 -7.749396598258199 -7.749396598258199
1.6285714285714286 -7.881538317693476 -7.76186338426595 -7.749935081104161 -7.749935081104161
1.6448979591836734 -7.881112663838679 -7.761473912775296 -7.750415050821221 -7.750415050821221
1.6612244897959183 -7.88062216694148 -7.761026649520693 -7.750837492664031 -7.750837492664031
1.6775510204081634 -7.880070395380349 -7.7605272810431725 -7.7512026863038255 -7.7512026863038255
1.693877551020408 -7.879460768762256 -7.759982212885976 -7.751509929953365 -7.751509929953365
1.7102040816326531 -7.878796565163162 -7.75939901503984 -7.75175710805212 -7.75175710805212
1.726530612244898 -7.878080927949925 -7.758787103821236 -7.751940021652441 -7.751940021652441
1.7428571428571429 -7.877316872215983 -7.758158745729806 -7.7520513960314705 -7.7520513960314705
1.7591836734693878 -7.876507290859344 -7.757530363636336 -7.752079585241143 -7.752079585241143
1.7755102040816326 -7.8756549603294985 -7.756923661757615 -7.752007457199642 -7.752007457199642
1.7918367346938777 -7.87476254606665 -7.75636491562734 -7.751813113168742 -7.751813113168742
1.8081632653061224 -7.873832607654251 -7.755879580575637 -7.751475288153594 -7.751475288153594
1.8244897959183675 -7.872867603704712 -7.75548202129227 -7.750983629696302 -7.750983629696302
1.8408163265306123 -7.871869896494943 -7.7551682590564015 -7.750345958520501 -7.750345958520501
1.8571428571428572 -7.8708417563676925 -7.754920000383759 -7.749584247315533 -7.749584247315533
1.873469387755102 -7.869785365913084 -7.754715081343342 -7.748724183442801 -7.748724183442801
1.889795918367347 -7.868702823942639 -7.754534666460524 -7.747787976679468 -7.747787976679468
1.906122448979592 -7.867596149267619 -7.754365161604853 -7.746792452631019 -7.746792452631019
1.9224489795918367 -7.8664672842918995 -7.75419747907682 -7.745749793625403 -7.745749793625403
1.9387755102040818 -7.865318098428881 -7.754025754823328 -7.744668827184483 -7.744668827184483
1.9551020408163267 -7.864150391350329 -7.75384627714301 -7.74355610273339 -7.74355610273339
1.9714285714285715 -7.8629658960753 -7.753656739869804 -7.742416643581739 -7.742416643581739
1.9877551020408164 -7.861766281904961 -7.753455752913967 -7.741254441315299 -7.741254441315299
2.0040816326530613 -7.860553157209871 -7.753242526875137 -7.740072775902175 -7.740072775902175
2.0204081632653064 -7.859328072074511 -7.753016669316283 -7.738874423939975 -7.738874423939975
2.036734693877551 -7.858092520803864 -7.752778051703584 -7.737661796054793 -7.737661796054793
2.053061224489796 -7.856847944295764 -7.752526721240978 -7.736437029236593 -7.736437029236593
2.069387755102041 -7.8555957322829695 -7.752262841571027 -7.735202050154124 -7.735202050154124
2.085714285714286 -7.854337225447471 -7.751986652329814 -7.7339586194754695 -7.7339586194754695
2.1020408163265305 -7.853073717410029 -7.751698441233238 -7.732708363533304 -7.732708363533304
2.1183673469387756 -7.851806456597244 -7.751398524649184 -7.7314527974028415 -7.7314527974028415
2.1346938775510207 -7.850536647988088 -7.751087234034594 -7.730193342044675 -7.730193342044675
2.1510204081632653 -7.849265454742141 -7.750764906536077 -7.728931337272046 -7.728931337272046
2.1673469387755104 -7.847993999711103 -7.750431878680312 -7.727668051728189 -7.727668051728189
2.183673469387755 -7.846723366837463 -7.750088482590976 -7.7264046906889865 -7.7264046906889865
2.2 -7.8454546024464715 -7.749735044781554 -7.72514240226475 -7.72514240226475
