1.4 -7.8782728476257695 -7.758380945358893 -7.735973240709262 -7.735973240709262
1.4163265306122448 -7.879235702789777 -7.75935049462899 -7.737524161229938 -7.737524161229938
1.4326530612244897 -7.880062685040166 -7.760184796244783 -7.738973688560774 -7.738973688560774
1.4489795918367345 -7.880760552653203 -7.760890692053897 -7.740326724262329 -7.740326724262329
1.4653061224489796 -7.8813357407984554 -7.761474715905835 -7.741587880389115 -7.741587880389115
1.4816326530612245 -7.881794380815764 -7.761943116460156 -7.742761494549209 -7.742761494549209
1.4979591836734694 -7.882142318050706 -7.762301879585351 -7.7438516424528245 -7.7438516424528245
1.5142857142857142 -7.8823851283689885 -7.7625567508328235 -7.744862147700813 -7.744862147700813
1.530612244897959 -7.882528133462377 -7.762713258613786 -7.745796588405246 -7.745796588405246
1.546938775510204 -7.882576415049471 -7.762776738922392 -7.746658300002125 -7.746658300002125
1.5632653061224488 -7.882534828066978 -7.762752362778901 -7.747450373271391 -7.747450373271391
1.5795918367346937 -7.882408012939056 -7.76264516807608 -7.748175646055228 -7.748175646055228
1.5959183673469388 -7.8822004070043405 -7.762460098307491 -7.748836686355597 -7.748836686355597
1.6122448979591837 -7.8819162551731585 -7.762202051917612 -7.7494357632169635 -7.7494357632169635
1.6285714285714286 -7.88155961988098 -7.761875948039476 -7.749974799763791 -7.749974799763791
1.6448979591836734 -7.881134390397937 -7.76148681767505 -7.7504552994595395 -7.7504552994595395
1.6612244897959183 -7.880644291548016 -7.761039934756994 -7.750878231259863 -7.750878231259863
1.6775510204081634 -7.880092891887135 -7.760541010316322 -7.751243850538237 -7.751243850538237
1.693877551020408 -7.879483611384242 -7.75999648697438 -7.751551418658551 -7.751551418658551
1.7102040816326531 -7.8788197286453 -7.75941399165623 -7.751798763382241 -7.751798763382241
1.726530612244898 -7.878104387716203 -7.758803028566564 -7.751981598146382 -7.751981598146382
1.7428571428571429 -7.877340604497549 -7.758175997755674 -7.752092514956416 -7.752092514956416
1.7591836734693878 -7.876531272800535 -7.757549512715376 -7.752119677517807 -7.752119677517807
1.7755102040816326 -7.875679170070847 -7.756945506492253 -7.752045725178889 -7.752045725178889
1.7918367346938777 -7.874786962804854 -7.756390415030508 -7.751848599026717 -7.751848599026717
1.8081632653061224 -7.873857211679494 -7.755909570791777 -7.751507157137812 -7.751507157137812
1.8244897959183675 -7.872892376416273 -7.755516815797044 -7.751011569885146 -7.751011569885146
1.8408163265306123 -7.871894820396441 -7.755207522524903 -7.750370306907778 -7.750370306907778
1.8571428571428572 -7.870866815043818 -7.754963029430541 -7.749605709017526 -7.749605709017526
1.873469387755102 -7.869810543989692 -7.754761150589163 -7.748743485574166 -7.748743485574166
1.889795918367347 -7.868728107032479 -7.754583194264202 -7.747805702560975 -7.747805702560975
1.906122448979592 -7.867621523903876 -7.754415729442776 -7.746809022346985 -7.746809022346985
1.9224489795918367 -7.866492737851882 -7.754249797919281 -7.745765497582843 -7.745765497582843
1.9387755102040818 -7.8653436190500265 -7.754079626719746 -7.744683864462099 -7.744683864462099
1.9551020408163267 -7.864175967840609 -7.7539015655251635 -7.743570610711439 -7.743570610711439
1.9714285714285715 -7.862991517819995 -7.753713349136284 -7.742430718289565 -7.742430718289565
1.9877551020408164 -7.861791938771589 -7.753513614926916 -7.741268150864131 -7.741268150864131
2.0040816326530613 -7.860578839452831 -7.753301592087674 -7.740086169283973 -7.740086169283973
2.0204081632653064 -7.859353770240824 -7.7530769008928235 -7.7388875368272485 -7.7388875368272485
2.036734693877551 -7.858118225641268 -7.7528394215589245 -7.737674654672458 -7.737674654672458
2.053061224489796 -7.856873646664248 -7.752589207311861 -7.736449652986522 -7.736449652986522
2.069387755102041 -7.855621423070531 -7.752326425881456 -7.735214453423129 -7.735214453423129
2.085714285714286 -7.854362895490998 -7.752051319563428 -7.7339708129007745 -7.7339708129007745
2.1020408163265305 -7.853099357421826 -7.751764177615968 -7.732720354901963 -7.732720354901963
2.1183673469387756 -7.851832057097941 -7.751465316992885 -7.731464592300214 -7.731464592300214
2.1346938775510207 -7.850562199246199 -7.751155068806003 -7.730204944327829 -7.730204944327829
2.1510204081632653 -7.8492909467206635 -7.750833768790173 -7.728942749418327 -7.728942749418327
2.1673469387755104 -7.848019422021038 -7.7505017506070555 -7.727679275091186 -7.727679275091186
2.183673469387755 -7.846748708696554 -7.750159341193266 -7.726415725679403 -7.726415725679403
2.2 -7.845479852636335 -7.749806857600098 -7.72515324845511 -7.72515324845511
