1.4 -7.878276711317964 -7.758382820455592 -7.735973337282058 -7.735973337282058
1.4163265306122448 -7.879239849048987 -7.759352499546812 -7.737524250142531 -7.737524250142531
1.4326530612244897 -7.880067130032801 -7.760186937033431 -7.738973771352644 -7.738973771352644
1.4489795918367345 -7.880765313115122 -7.760892974781373 -7.740326802402781 -7.740326802402781
1.4653061224489796 -7.881340833982269 -7.76147714660259 -7.741587955303162 -7.741587955303162
1.4816326530612245 -7.8817998244247125 -7.76194570105238 -7.742761567648325 -7.742761567648325
1.4979591836734694 -7.882148130158824 -7.762304623816292 -7.74385171517206 -7.74385171517206
1.5142857142857142 -7.88239132732746 -7.762559660170061 -7.744862221544322 -7.744862221544322
1.530612244897959 -7.882534737792467 -7.762716338139886 -7.745796665003135 -7.745796665003135
1.546938775510204 -7.882583443322831 -7.762779993204947 -7.7466583811832415 -7.7466583811832415
1.5632653061224488 -7.882542298774523 -7.762755795714035 -7.747450461158696 -7.747450461158696
1.5795918367346937 -7.882415944350142 -7.7626487826957895 -7.748175743194426 -7.748175743194426
1.5959183673469388 -7.88220881701836 -7.762463896535725 -7.748836795893077 -7.748836795893077
1.6122448979591837 -7.881925161166081 -7.76220603425092 -7.749435889153166 -7.749435889153166
1.6285714285714286 -7.881569038549703 -7.761880113112173 -7.749974947322838 -7.749974947322838
1.6448979591836734 -7.881144337605532 -7.761491161643427 -7.750455475642787 -7.750455475642787
1.6612244897959183 -7.880654782173037 -7.761044450393457 -7.750878445693853 -7.750878445693853
1.6775510204081634 -7.880103939680199 -7.760545685631057 -7.751244116801255 -7.751244116801255
1.693877551020408 -7.879495228834926 -7.760001303061906 -7.751551756389692 -7.751551756389692
1.7102040816326531 -7.878831926862087 -7.759418919281931 -7.75179920165952 -7.75179920165952
1.726530612244898 -7.878117176321875 -7.758808022791319 -7.751982180836614 -7.751982180836614
1.7428571428571429 -7.877353991541989 -7.758180989883182 -7.752093308753361 -7.752093308753361
1.7591836734693878 -7.876545264692172 -7.757554399962824 -7.752120782268222 -7.752120782268222
1.7755102040816326 -7.875693771527679 -7.756950144435914 -7.752047281445133 -7.752047281445133
1.7918367346938777 -7.874802176825183 -7.756394628209397 -7.751850777502834 -7.751850777502834
1.8081632653061224 -7.87387303953203 -7.755913201474802 -7.75151010991291 -7.75151010991291
1.8244897959183675 -7.872908817648806 -7.75551979559066 -7.751015358876656 -7.751015358876656
1.8408163265306123 -7.8719118728618085 -7.755209898347823 -7.750374877936762 -7.750374877936762
1.8571428571428572 -7.870884474941544 -7.7549649172935275 -7.749610938087089 -7.749610938087089
1.873469387755102 -7.869828805921438 -7.754762675054529 -7.74874923947503 -7.74874923947503
1.889795918367347 -7.868746964069346 -7.754584457856789 -7.747811869531038 -7.747811869531038
1.906122448979592 -7.867640967663423 -7.754416807713873 -7.746815517082146 -7.746815517082146
1.9224489795918367 -7.866512758582797 -7.754250744361026 -7.745772256400158 -7.745772256400158
1.9387755102040818 -7.865364205722499 -7.754080478991338 -7.74469083915271 -7.74469083915271
1.9551020408163267 -7.864197108240474 -7.753902350426751 -7.743577763646242 -7.743577763646242
1.9714285714285715 -7.8630131986449925 -7.753714086094603 -7.742438019012435 -7.742438019012435
1.9877551020408164 -7.861814145728183 -7.753514318333627 -7.741275573831027 -7.741275573831027
2.0040816326530613 -7.860601557352341 -7.753302272853414 -7.7400936923838755 -7.7400936923838755
2.0204081632653064 -7.859376983093681 -7.7530775674867645 -7.738895140414771 -7.738895140414771
2.036734693877551 -7.858141916748616 -7.75284008071367 -7.737682320931608 -7.737682320931608
2.053061224489796 -7.856897798706063 -7.752589864509678 -7.7364573655093345 -7.7364573655093345
2.069387755102041 -7.855646018189788 -7.752327085695995 -7.735222196928788 -7.735222196928788
2.085714285714286 -7.85438791537356 -7.752051985904424 -7.7339785730474855 -7.7339785730474855
2.1020408163265305 -7.853124783371704 -7.751764853907862 -7.7327281181606295 -7.7327281181606295
2.1183673469387756 -7.851857870107938 -7.751466006307747 -7.731472345869557 -7.731472345869557
2.1346938775510207 -7.850588380063822 -7.751155773964185 -7.730212676077531 -7.730212676077531
2.1510204081632653 -7.849317475909444 -7.750834492437959 -7.728950447851075 -7.728950447851075
2.1673469387755104 -7.848046280017338 -7.750502495277703 -7.727686929317385 -7.727686929317385
2.183673469387755 -7.846775875862085 -7.7501601093557415 -7.72642332540038 -7.72642332540038
2.2 -7.845507309306578 -7.749807651698741 -7.7251607839518455 -7.7251607839518455
