  # Printing MO Coeffients
      9.90851796773217552428e-01 	 1 1
      1.84020364648691980847e-01 	 1 2
      2.06987574108475153034e-01 	 1 3
     -1.08041963305265569040e-16 	 1 4
      2.45482273491520338998e-16 	 1 5
      5.75857234939412404584e-02 	 1 6
      3.08688689168172443467e-02 	 2 1
     -4.36043409160124073587e-01 	 2 2
     -8.04497400770608384057e-01 	 2 3
      6.07832025971730980526e-16 	 2 4
     -1.12614031358455411154e-15 	 2 5
     -7.85797472187173440261e-01 	 2 6
     -8.36703804166502064510e-03 	 3 1
     -3.53144096967989096214e-01 	 3 2
      6.12031551297201659168e-01 	 3 3
     -1.02846400558954424768e-16 	 3 4
      8.74419472433280327520e-16 	 3 5
     -1.04168816759972493458e+00 	 3 6
     -3.49471010717823724265e-17 	 4 1
      9.78404105913650604353e-18 	 4 2
     -1.04435074464975321638e-15 	 4 3
      2.14967378219836247055e-01 	 4 4
      9.76621229700281201502e-01 	 4 5
      3.32972113842225042131e-17 	 4 6
     -1.25193077526405548062e-16 	 5 1
      1.31141499261624317349e-16 	 5 2
     -3.39512221347869153709e-16 	 5 3
     -9.76621229700281090480e-01 	 5 4
      2.14967378219836302566e-01 	 5 5
     -1.88185852478465763175e-16 	 5 6
      1.05927617336773575996e-02 	 6 1
     -5.40850468774167980612e-01 	 6 2
      1.29418333970425347701e-01 	 6 3
     -2.24016182320499026533e-16 	 6 4
      1.36579478502644590011e-16 	 6 5
      1.29097230311085886534e+00 	 6 6
  # Printing 1 electron RDM
      1.99991083985242168453e+00 	 1 1
      5.48992652638235546260e-04 	 1 2
     -4.74451207052140598065e-04 	 1 3
      8.29904247357024862826e-17 	 1 4
     -1.59106347649314682809e-16 	 1 5
     -1.17364285339973664288e-03 	 1 6
      5.48992652638235546260e-04 	 2 1
      1.96159204077440385561e+00 	 2 2
      6.51060100202404262726e-02 	 2 3
     -7.62103828362760309800e-16 	 2 4
     -8.19407785238017046332e-15 	 2 5
     -7.73977650216783625431e-03 	 2 6
     -4.74451207052140598065e-04 	 3 1
      6.51060100202404262726e-02 	 3 2
      9.04237613423680870739e-03 	 3 3
     -3.70627443345688360757e-17 	 3 4
     -3.02992993034236743186e-16 	 3 5
      1.29978520098993962500e-02 	 3 6
      8.29904247357024862826e-17 	 4 1
     -7.62103828362760309800e-16 	 4 2
     -3.70627443345688360757e-17 	 4 3
      1.78872642334423816862e-03 	 4 4
     -1.70987523076986360845e-19 	 4 5
     -1.78368574971702690356e-17 	 4 6
     -1.59106347649314682809e-16 	 5 1
     -8.19407785238017046332e-15 	 5 2
     -3.02992993034236743186e-16 	 5 3
     -1.70987523076986360845e-19 	 5 4
      1.78872642334422298979e-03 	 5 5
     -2.48054076252694916052e-18 	 5 6
     -1.17364285339973664288e-03 	 6 1
     -7.73977650216783625431e-03 	 6 2
      1.29978520098993962500e-02 	 6 3
     -1.78368574971702690356e-17 	 6 4
     -2.48054076252694916052e-18 	 6 5
      2.58772903922575986391e-02 	 6 6
  # Printing 1 electron 1 photon RDM
     -1.48257463251587506825e-01 	 1 1
     -1.17370169563805758396e-05 	 1 2
     -2.53475292648355006887e-04 	 1 3
     -6.07217713422775641756e-18 	 1 4
      9.74942904321509114787e-18 	 1 5
      2.22312340020446784451e-04 	 1 6
     -1.17370169563805741455e-05 	 2 1
     -1.46407736212135874965e-01 	 2 2
      2.38295437574995595115e-03 	 2 3
      3.56161272923303829911e-17 	 2 4
      3.19303783751610154674e-16 	 2 5
      2.19327019344853690538e-03 	 2 6
     -2.53475292648355006887e-04 	 3 1
      2.38295437574995595115e-03 	 3 2
      1.17773453155986773363e-04 	 3 3
     -1.44413159207128398076e-18 	 3 4
     -2.19324597192192593586e-17 	 3 5
     -6.21894141398831343075e-04 	 3 6
     -6.07217713422775641756e-18 	 4 1
      3.56161272923303891541e-17 	 4 2
     -1.44413159207128417335e-18 	 4 3
     -6.75015881471854168033e-05 	 4 4
      6.09583782167889725729e-21 	 4 5
      1.28193858612531155399e-19 	 4 6
      9.74942904321509114787e-18 	 5 1
      3.19303783751610154674e-16 	 5 2
     -2.19324597192192624400e-17 	 5 3
      6.09583782167889725729e-21 	 5 4
     -6.75015881471852677255e-05 	 5 5
     -1.03993761329663756148e-17 	 5 6
      2.22312340020446784451e-04 	 6 1
      2.19327019344853690538e-03 	 6 2
     -6.21894141398831343075e-04 	 6 3
      1.28193858612531059103e-19 	 6 4
     -1.03993761329663771556e-17 	 6 5
     -1.84431370404767821548e-03 	 6 6
  # Printing 2 electron RDM
      1.99986414666738987478e+00 	 1 1 1 1
      5.24057026487519507854e-04 	 1 1 2 1
      3.92305602950107656923e+00 	 1 1 2 2
     -4.77461729308126952859e-04 	 1 1 3 1
      1.30210923320517812929e-01 	 1 1 3 2
      1.80221129019111463154e-02 	 1 1 3 3
      8.31492660222167357518e-17 	 1 1 4 1
     -1.52447354249013159920e-15 	 1 1 4 2
     -7.40496997494784792002e-17 	 1 1 4 3
      3.52375334221474928800e-03 	 1 1 4 4
     -1.59342024363474468159e-16 	 1 1 5 1
     -1.63876798779833194017e-14 	 1 1 5 2
     -6.06038298087536693426e-16 	 1 1 5 3
     -3.38615998957988566588e-19 	 1 1 5 4
      3.52375334221471849666e-03 	 1 1 5 5
     -1.17413725901316509312e-03 	 1 1 6 1
     -1.54667632465338954206e-02 	 1 1 6 2
      2.59981571585579281092e-02 	 1 1 6 3
     -3.56262942616267048433e-17 	 1 1 6 4
     -5.03775697239759406401e-18 	 1 1 6 5
      5.17427238024562793917e-02 	 1 1 6 6
      5.24057026487519291014e-04 	 2 1 1 1
      5.02289006635123929691e-04 	 2 1 2 1
      4.37180488410083222493e-05 	 2 1 2 2
      2.42785920325478126337e-04 	 2 1 3 1
      5.50133109899579413049e-04 	 2 1 3 2
      6.69108601702336194730e-05 	 2 1 3 3
     -1.62369288800267440010e-18 	 2 1 4 1
     -7.90382613769926684929e-17 	 2 1 4 2
     -3.48290696241897676354e-18 	 2 1 4 3
      3.86927984386394138890e-04 	 2 1 4 4
     -1.54306192556344933267e-17 	 2 1 5 1
      1.82990008260471295233e-16 	 2 1 5 2
      2.93001592463304156703e-18 	 2 1 5 3
     -3.27076715123633650706e-20 	 2 1 5 4
      3.86927984386392783637e-04 	 2 1 5 5
     -1.19193049922487014346e-05 	 2 1 6 1
      9.08248606803634421156e-04 	 2 1 6 2
      1.50309235731638257162e-04 	 2 1 6 3
     -5.93969932826635866706e-19 	 2 1 6 4
     -3.98531675798642915139e-18 	 2 1 6 5
      2.38436053643158944303e-04 	 2 1 6 6
      3.92305602950107656923e+00 	 2 2 1 1
      4.37180488410083425781e-05 	 2 2 2 1
      1.95923017417767542092e+00 	 2 2 2 2
     -1.16265425125699952552e-03 	 2 2 3 1
      6.67487344682649585970e-02 	 2 2 3 2
      2.36508971519945121811e-03 	 2 2 3 3
      1.65666783190605716176e-16 	 2 2 4 1
     -7.87524202080327140377e-16 	 2 2 4 2
     -2.70358939301746234949e-17 	 2 2 4 3
      5.10769043247667669312e-05 	 2 2 4 4
     -2.85821728651746153818e-16 	 2 2 5 1
     -8.45036857040676306133e-15 	 2 2 5 2
     -2.88985973418242301345e-16 	 2 2 5 3
     -3.29887194708688824001e-21 	 2 2 5 4
      5.10769043247668143651e-05 	 2 2 5 5
     -1.94236148865670763333e-03 	 2 2 6 1
     -4.79342928171197502074e-03 	 2 2 6 2
     -1.57105842889965040135e-04 	 2 2 6 3
      1.81071549608683705297e-18 	 2 2 6 4
      2.04415671359067038007e-17 	 2 2 6 5
      2.26751206081526211148e-05 	 2 2 6 6
     -4.77461729308126952859e-04 	 3 1 1 1
      2.42785920325478099232e-04 	 3 1 2 1
     -1.16265425125699909184e-03 	 3 1 2 2
     -7.49062463765805264249e-03 	 3 1 3 1
      5.54605084031715728915e-04 	 3 1 3 2
      5.62697945888683551054e-05 	 3 1 3 3
      4.05271121533095557681e-18 	 3 1 4 1
     -4.43368775498166196960e-18 	 3 1 4 2
     -4.81901119642830515334e-19 	 3 1 4 3
     -4.40059122918284572479e-06 	 3 1 4 4
     -1.21380412873027469269e-17 	 3 1 5 1
     -5.42665272370053773087e-18 	 3 1 5 2
      2.63130446257755081428e-19 	 3 1 5 3
      8.56830558676990055499e-22 	 3 1 5 4
     -4.40059122918285588918e-06 	 3 1 5 5
      4.35836837607555085180e-04 	 3 1 6 1
      3.66886916728660205517e-03 	 3 1 6 2
      2.16420082915335884079e-04 	 3 1 6 3
     -1.72600501926420206013e-18 	 3 1 6 4
     -1.59082714480813856632e-17 	 3 1 6 5
      1.69293747278202093374e-04 	 3 1 6 6
      1.30210923320517785173e-01 	 3 2 1 1
      5.50133109899579413049e-04 	 3 2 2 1
      6.67487344682649447192e-02 	 3 2 2 2
      5.54605084031715728915e-04 	 3 2 3 1
     -5.51303942817103556640e-02 	 3 2 3 2
     -1.88640964873386211831e-03 	 3 2 3 3
      2.21474832232411111633e-18 	 3 2 4 1
      6.47087574134458828986e-17 	 3 2 4 2
      2.20524435680369575478e-18 	 3 2 4 3
     -3.12806720824405540583e-08 	 3 2 4 4
     -2.00985183406568818140e-17 	 3 2 5 1
      1.32312038863552535738e-16 	 3 2 5 2
      4.57029028554920626321e-18 	 3 2 5 3
      8.31036808638601032799e-23 	 3 2 5 4
     -3.12806720824418179903e-08 	 3 2 5 5
     -3.44552332973802966434e-03 	 3 2 6 1
     -1.00449270681445976261e-01 	 3 2 6 2
     -3.42733992669767362563e-03 	 3 2 6 3
      4.02437428063403639992e-17 	 3 2 6 4
      4.33736577273668902189e-16 	 3 2 6 5
      2.44844482016530614558e-04 	 3 2 6 6
      1.80221129019111393765e-02 	 3 3 1 1
      6.69108601702336194730e-05 	 3 3 2 1
      2.36508971519945121811e-03 	 3 3 2 2
      5.62697945888683754342e-05 	 3 3 3 1
     -1.88640964873385648046e-03 	 3 3 3 2
      1.58189475557129273671e-03 	 3 3 3 3
      6.43345492232585781031e-19 	 3 3 4 1
      2.20318607897396786595e-18 	 3 3 4 2
     -1.83711736148599284849e-18 	 3 3 4 3
      1.98342634655863448105e-07 	 3 3 4 4
     -1.74874726582351922355e-18 	 3 3 5 1
      4.48826048764142489003e-18 	 3 3 5 2
     -3.69506703790624369938e-18 	 3 3 5 3
     -1.17431227874815868179e-23 	 3 3 5 4
      1.98342634655863130468e-07 	 3 3 5 5
     -1.93397991692521035089e-04 	 3 3 6 1
     -3.43137551127609347415e-03 	 3 3 6 2
      2.82677338172727899909e-03 	 3 3 6 3
     -3.32594622717941988414e-18 	 3 3 6 4
     -6.77731941487164837476e-18 	 3 3 6 5
      5.15763434475924320566e-03 	 3 3 6 6
      8.31492660222166987740e-17 	 4 1 1 1
     -1.62369288800267401492e-18 	 4 1 2 1
      1.65666783190605716176e-16 	 4 1 2 2
      4.05271121533095480643e-18 	 4 1 3 1
      2.21474832232411111633e-18 	 4 1 3 2
      6.43345492232585684735e-19 	 4 1 3 3
     -3.63959359224172223843e-03 	 4 1 4 1
      6.11476500367387140744e-03 	 4 1 4 2
      2.86982006375475801486e-04 	 4 1 4 3
     -2.71075829363036460854e-18 	 4 1 4 4
      5.26556875091409153442e-20 	 4 1 5 1
     -2.97114930263281948978e-19 	 4 1 5 2
     -9.27451230667723942802e-21 	 4 1 5 3
      1.97040918610668436434e-19 	 4 1 5 4
      1.15935572217209518772e-19 	 4 1 5 5
     -5.39227084692937631159e-19 	 4 1 6 1
     -3.20132923493807693172e-18 	 4 1 6 2
      9.44625684959365450261e-19 	 4 1 6 3
      4.34167316885017174092e-05 	 4 1 6 4
     -1.79299767179941328826e-21 	 4 1 6 5
      2.10670222346554890406e-18 	 4 1 6 6
     -1.52447354249013199363e-15 	 4 2 1 1
     -7.90382613769926684929e-17 	 4 2 2 1
     -7.87524202080327436200e-16 	 4 2 2 2
     -4.43368775498166196960e-18 	 4 2 3 1
      6.47087574134458952245e-17 	 4 2 3 2
      2.20318607897396709558e-18 	 4 2 3 3
      6.11476500367387227480e-03 	 4 2 4 1
     -5.84076589253935338220e-02 	 4 2 4 2
     -1.99914247330060463118e-03 	 4 2 4 3
      2.37610049732447169835e-17 	 4 2 4 4
     -1.70827396419466534801e-19 	 4 2 5 1
      2.81378692289046217181e-18 	 4 2 5 2
      9.61858386140759189497e-20 	 4 2 5 3
      2.40282415692793648950e-20 	 4 2 5 4
      1.08599399194232805625e-20 	 4 2 5 5
     -3.78992849235112127561e-19 	 4 2 6 1
      1.23365142087821195530e-16 	 4 2 6 2
      4.21079816284725082726e-18 	 4 2 6 3
      4.70576373927801461288e-06 	 4 2 6 4
     -8.81896816997759385571e-23 	 4 2 6 5
     -2.88791509961788970500e-19 	 4 2 6 6
     -7.40496997494784792002e-17 	 4 3 1 1
     -3.48290696241897830428e-18 	 4 3 2 1
     -2.70358939301746234949e-17 	 4 3 2 2
     -4.81901119642835522752e-19 	 4 3 3 1
      2.20524435680364144355e-18 	 4 3 3 2
     -1.83711736148598283365e-18 	 4 3 3 3
      2.86982006375475801486e-04 	 4 3 4 1
     -1.99914247330060419749e-03 	 4 3 4 2
      1.66246676127166314284e-03 	 4 3 4 3
     -1.94142576088823961928e-18 	 4 3 4 4
     -8.73418147916244294884e-21 	 4 3 5 1
      9.61746782311500808294e-20 	 4 3 5 2
     -7.95649991707544748358e-20 	 4 3 5 3
     -1.13923264070452161586e-22 	 4 3 5 4
     -4.50212167701541918997e-22 	 4 3 5 5
     -4.08172323328137012748e-19 	 4 3 6 1
      4.19507839891986625862e-18 	 4 3 6 2
     -3.46830740863433570917e-18 	 4 3 6 3
     -1.45236253715641390600e-07 	 4 3 6 4
      2.76951813424148586330e-23 	 4 3 6 5
     -6.32364598951139311222e-18 	 4 3 6 6
      3.52375334221474928800e-03 	 4 4 1 1
      3.86927984386394138890e-04 	 4 4 2 1
      5.10769043247667737075e-05 	 4 4 2 2
     -4.40059122918284487775e-06 	 4 4 3 1
     -3.12806720824405408234e-08 	 4 4 3 2
      1.98342634655863448105e-07 	 4 4 3 3
     -2.71075829363036152705e-18 	 4 4 4 1
      2.37610049732447601244e-17 	 4 4 4 2
     -1.94142576088824732300e-18 	 4 4 4 3
      1.78872642334423795178e-03 	 4 4 4 4
     -3.94081837221336535830e-19 	 4 4 5 1
     -4.80564831385617691483e-20 	 4 4 5 2
      2.27846528141187852409e-22 	 4 4 5 3
     -8.54937615398164748502e-20 	 4 4 5 4
      3.45600071151526852691e-08 	 4 4 5 5
     -8.68334633770034619235e-05 	 4 4 6 1
     -9.41152747855603091982e-06 	 4 4 6 2
      2.90472507431282781200e-07 	 4 4 6 3
     -3.68159315046114997497e-18 	 4 4 6 4
      9.57335024727037398430e-21 	 4 4 6 5
      2.38969750718675861563e-06 	 4 4 6 6
     -1.59342024363474443507e-16 	 5 1 1 1
     -1.54306192556344964082e-17 	 5 1 2 1
     -2.85821728651746104514e-16 	 5 1 2 2
     -1.21380412873027469269e-17 	 5 1 3 1
     -2.00985183406568818140e-17 	 5 1 3 2
     -1.74874726582351768280e-18 	 5 1 3 3
      5.26556875091409033071e-20 	 5 1 4 1
     -1.70827396419466582950e-19 	 5 1 4 2
     -8.73418147916244445347e-21 	 5 1 4 3
     -3.94081837221336535830e-19 	 5 1 4 4
     -3.63959359224172440683e-03 	 5 1 5 1
      6.11476500367387314216e-03 	 5 1 5 2
      2.86982006375475747276e-04 	 5 1 5 3
     -2.76872607973897065589e-18 	 5 1 5 4
     -2.62375024167094081823e-17 	 5 1 5 5
     -1.73521372649768395767e-18 	 5 1 6 1
     -1.12056167112872803869e-19 	 5 1 6 2
     -2.22125128443684285263e-18 	 5 1 6 3
     -3.22120681510987220888e-21 	 5 1 6 4
      4.34167316885014328062e-05 	 5 1 6 5
     -3.77495841296928172364e-18 	 5 1 6 6
     -1.63876798779833130908e-14 	 5 2 1 1
      1.82990008260471295233e-16 	 5 2 2 1
     -8.45036857040676306133e-15 	 5 2 2 2
     -5.42665272370053002715e-18 	 5 2 3 1
      1.32312038863552511086e-16 	 5 2 3 2
      4.48826048764142643078e-18 	 5 2 3 3
     -2.97114930263281804533e-19 	 5 2 4 1
      2.81378692289046217181e-18 	 5 2 4 2
      9.61746782311500687923e-20 	 5 2 4 3
     -4.80564831385617811853e-20 	 5 2 4 4
      6.11476500367387487689e-03 	 5 2 5 1
     -5.84076589253932770829e-02 	 5 2 5 2
     -1.99914247330059595756e-03 	 5 2 5 3
      2.37555750032848954178e-17 	 5 2 5 4
      2.51675023716893911828e-16 	 5 2 5 5
     -4.30274775095417697787e-18 	 5 2 6 1
      1.21269982040220309586e-16 	 5 2 6 2
      4.14142022991027105864e-18 	 5 2 6 3
     -3.50482531986617688915e-22 	 5 2 6 4
      4.70576373927800614255e-06 	 5 2 6 5
     -3.00336471833071953955e-19 	 5 2 6 6
     -6.06038298087536594818e-16 	 5 3 1 1
      2.93001592463304156703e-18 	 5 3 2 1
     -2.88985973418242449257e-16 	 5 3 2 2
      2.63130446257750074010e-19 	 5 3 3 1
      4.57029028555115607469e-18 	 5 3 3 2
     -3.69506703790625833644e-18 	 5 3 3 3
     -9.27451230667724394192e-21 	 5 3 4 1
      9.61858386140759189497e-20 	 5 3 4 2
     -7.95649991707544748358e-20 	 5 3 4 3
      2.27846528141187899429e-22 	 5 3 4 4
      2.86982006375475801486e-04 	 5 3 5 1
     -1.99914247330059552388e-03 	 5 3 5 2
      1.66246676127165577026e-03 	 5 3 5 3
     -1.94120065480438142108e-18 	 5 3 5 4
     -4.01224038623894084546e-18 	 5 3 5 5
      1.49557813886528663703e-18 	 5 3 6 1
      4.20678387420529563197e-18 	 5 3 6 2
     -3.41517469556330059443e-18 	 5 3 6 3
     -4.48371310097302219939e-24 	 5 3 6 4
     -1.45236253715641602358e-07 	 5 3 6 5
     -6.24762801931333101034e-18 	 5 3 6 6
     -3.38615998957988566588e-19 	 5 4 1 1
     -3.27076715123633590521e-20 	 5 4 2 1
     -3.29887194708688824001e-21 	 5 4 2 2
      8.56830558676989867420e-22 	 5 4 3 1
      8.31036808638600797700e-23 	 5 4 3 2
     -1.17431227874815824098e-23 	 5 4 3 3
      1.97040918610667280876e-19 	 5 4 4 1
      2.40282415710869675092e-20 	 5 4 4 2
     -1.13923264054085542150e-22 	 5 4 4 3
     -8.54937615398164387390e-20 	 5 4 4 4
     -2.76872607973897104107e-18 	 5 4 5 1
      2.37555750032848954178e-17 	 5 4 5 2
     -1.94120065480437910996e-18 	 5 4 5 3
      1.78870914334067297041e-03 	 5 4 5 4
     -8.54937615398161137384e-20 	 5 4 5 5
      5.01420448692629612291e-21 	 5 4 6 1
      4.38672213060600895610e-22 	 5 4 6 2
     -2.32114682254667293506e-23 	 5 4 6 3
     -3.62257220307907061878e-18 	 5 4 6 4
      1.55011958164381350956e-21 	 5 4 6 5
     -4.84321234634724992928e-23 	 5 4 6 6
      3.52375334221471849666e-03 	 5 5 1 1
      3.86927984386392783637e-04 	 5 5 2 1
      5.10769043247668143651e-05 	 5 5 2 2
     -4.40059122918285419512e-06 	 5 5 3 1
     -3.12806720824418179903e-08 	 5 5 3 2
      1.98342634655863130468e-07 	 5 5 3 3
      1.15935572217209566920e-19 	 5 5 4 1
      1.08599399194232805625e-20 	 5 5 4 2
     -4.50212167701541824957e-22 	 5 5 4 3
      3.45600071151526852691e-08 	 5 5 4 4
     -2.62375024167094112638e-17 	 5 5 5 1
      2.51675023716892629929e-16 	 5 5 5 2
     -4.01224038623892543802e-18 	 5 5 5 3
     -8.54937615398161498496e-20 	 5 5 5 4
      1.78872642334422298979e-03 	 5 5 5 5
     -8.68334633770029062699e-05 	 5 5 6 1
     -9.41152747855601397916e-06 	 5 5 6 2
      2.90472507431283204716e-07 	 5 5 6 3
     -3.10023916328763153302e-21 	 5 5 6 4
     -3.61778552795541882816e-18 	 5 5 6 5
      2.38969750718674887475e-06 	 5 5 6 6
     -1.17413725901316530996e-03 	 6 1 1 1
     -1.19193049922486997406e-05 	 6 1 2 1
     -1.94236148865670763333e-03 	 6 1 2 2
      4.35836837607555030970e-04 	 6 1 3 1
     -3.44552332973802966434e-03 	 6 1 3 2
     -1.93397991692521035089e-04 	 6 1 3 3
     -5.39227084692937920048e-19 	 6 1 4 1
     -3.78992849235112272006e-19 	 6 1 4 2
     -4.08172323328137060896e-19 	 6 1 4 3
     -8.68334633770034619235e-05 	 6 1 4 4
     -1.73521372649768318729e-18 	 6 1 5 1
     -4.30274775095417851862e-18 	 6 1 5 2
      1.49557813886528663703e-18 	 6 1 5 3
      5.01420448692629537059e-21 	 6 1 5 4
     -8.68334633770029198224e-05 	 6 1 5 5
     -1.24520956003291711871e-03 	 6 1 6 1
      1.13603115420797236637e-03 	 6 1 6 2
      1.89602917414356781462e-05 	 6 1 6 3
     -7.36257584484053608420e-19 	 6 1 6 4
     -4.26139733007136607206e-18 	 6 1 6 5
     -3.73648940828081590430e-05 	 6 1 6 6
     -1.54667632465338988901e-02 	 6 2 1 1
      9.08248606803634421156e-04 	 6 2 2 1
     -4.79342928171197241866e-03 	 6 2 2 2
      3.66886916728660162149e-03 	 6 2 3 1
     -1.00449270681445976261e-01 	 6 2 3 2
     -3.43137551127609347415e-03 	 6 2 3 3
     -3.20132923493807654653e-18 	 6 2 4 1
      1.23365142087821244833e-16 	 6 2 4 2
      4.19507839891986779936e-18 	 6 2 4 3
     -9.41152747855603091982e-06 	 6 2 4 4
     -1.12056167112872827943e-19 	 6 2 5 1
      1.21269982040220309586e-16 	 6 2 5 2
      4.20678387420529717271e-18 	 6 2 5 3
      4.38672213060600895610e-22 	 6 2 5 4
     -9.41152747855601397916e-06 	 6 2 5 5
      1.13603115420797236637e-03 	 6 2 6 1
     -2.01391894903467788547e-01 	 6 2 6 2
     -6.85967346519441960317e-03 	 6 2 6 3
      8.09964268005044994164e-17 	 6 2 6 4
      8.68510269747217743550e-16 	 6 2 6 5
      4.91061587975561569808e-04 	 6 2 6 6
      2.59981571585579211703e-02 	 6 3 1 1
      1.50309235731638284267e-04 	 6 3 2 1
     -1.57105842889965040135e-04 	 6 3 2 2
      2.16420082915335911184e-04 	 6 3 3 1
     -3.42733992669767232458e-03 	 6 3 3 2
      2.82677338172727899909e-03 	 6 3 3 3
      9.44625684959365065075e-19 	 6 3 4 1
      4.21079816284725082726e-18 	 6 3 4 2
     -3.46830740863433609435e-18 	 6 3 4 3
      2.90472507431282781200e-07 	 6 3 4 4
     -2.22125128443684285263e-18 	 6 3 5 1
      4.14142022991027105864e-18 	 6 3 5 2
     -3.41517469556330174999e-18 	 6 3 5 3
     -2.32114682254667381668e-23 	 6 3 5 4
      2.90472507431283204716e-07 	 6 3 5 5
      1.89602917414356815344e-05 	 6 3 6 1
     -6.85967346519441960317e-03 	 6 3 6 2
      5.67174458499130913075e-03 	 6 3 6 3
     -6.65630020016817974261e-18 	 6 3 6 4
     -1.36056361877752456239e-17 	 6 3 6 5
      1.03251503872881077867e-02 	 6 3 6 6
     -3.56262942616266925173e-17 	 6 4 1 1
     -5.93969932826635770410e-19 	 6 4 2 1
      1.81071549608683512704e-18 	 6 4 2 2
     -1.72600501926420206013e-18 	 6 4 3 1
      4.02437428063403763252e-17 	 6 4 3 2
     -3.32594622717941911377e-18 	 6 4 3 3
      4.34167316885017445143e-05 	 6 4 4 1
      4.70576373927938680625e-06 	 6 4 4 2
     -1.45236253715481751359e-07 	 6 4 4 3
     -3.68159315046114766386e-18 	 6 4 4 4
     -3.22120681510987220888e-21 	 6 4 5 1
     -3.50482531986617641895e-22 	 6 4 5 2
     -4.48371310097302440344e-24 	 6 4 5 3
     -3.62257220307907138915e-18 	 6 4 5 4
     -3.10023916328763115686e-21 	 6 4 5 5
     -7.36257584484053704717e-19 	 6 4 6 1
      8.09964268005045240683e-17 	 6 4 6 2
     -6.65630020016818128336e-18 	 6 4 6 3
      6.01253627085902939836e-03 	 6 4 6 4
     -2.89512730161382433635e-19 	 6 4 6 5
     -1.26843541091670812502e-17 	 6 4 6 6
     -5.03775697239758250843e-18 	 6 5 1 1
     -3.98531675798642915139e-18 	 6 5 2 1
      2.04415671359067007192e-17 	 6 5 2 2
     -1.59082714480813887447e-17 	 6 5 3 1
      4.33736577273668902189e-16 	 6 5 3 2
     -6.77731941487165145625e-18 	 6 5 3 3
     -1.79299767179941328826e-21 	 6 5 4 1
     -8.81896816997759738219e-23 	 6 5 4 2
      2.76951813424148527555e-23 	 6 5 4 3
      9.57335024727037699356e-21 	 6 5 4 4
      4.34167316885014531349e-05 	 6 5 5 1
      4.70576373927938511218e-06 	 6 5 5 2
     -1.45236253715482016057e-07 	 6 5 5 3
      1.55011958164334331182e-21 	 6 5 5 4
     -3.61778552795540727258e-18 	 6 5 5 5
     -4.26139733007136453132e-18 	 6 5 6 1
      8.68510269747217743550e-16 	 6 5 6 2
     -1.36056361877752410016e-17 	 6 5 6 3
     -2.89512730161382385487e-19 	 6 5 6 4
      6.01253627085900164279e-03 	 6 5 6 5
     -1.24599008585101535372e-17 	 6 5 6 6
      5.17427238024562724528e-02 	 6 6 1 1
      2.38436053643158890093e-04 	 6 6 2 1
      2.26751206081526177267e-05 	 6 6 2 2
      1.69293747278202120479e-04 	 6 6 3 1
      2.44844482016530614558e-04 	 6 6 3 2
      5.15763434475924320566e-03 	 6 6 3 3
      2.10670222346554890406e-18 	 6 6 4 1
     -2.88791509961789018648e-19 	 6 6 4 2
     -6.32364598951139080110e-18 	 6 6 4 3
      2.38969750718675903915e-06 	 6 6 4 4
     -3.77495841296927941253e-18 	 6 6 5 1
     -3.00336471833071665065e-19 	 6 6 5 2
     -6.24762801931333332145e-18 	 6 6 5 3
     -4.84321234634724934153e-23 	 6 6 5 4
      2.38969750718674929827e-06 	 6 6 5 5
     -3.73648940828081861480e-05 	 6 6 6 1
      4.91061587975559835084e-04 	 6 6 6 2
      1.03251503872881060520e-02 	 6 6 6 3
     -1.26843541091670874132e-17 	 6 6 6 4
     -1.24599008585101735668e-17 	 6 6 6 5
      2.07040585139347706189e-02 	 6 6 6 6
 # Printing electron repulsion integrals in spatial MO basis
      1.65746225568124616601e+00 	 1 1 1 1
      1.23210600872631831360e-01 	 1 1 2 1
      3.93597799685008020720e-01 	 1 1 2 2
      1.36465241834231171270e-01 	 1 1 3 1
      9.55749466986752227449e-03 	 1 1 3 2
      3.96123829133834259864e-01 	 1 1 3 3
      9.91108850000387632717e-18 	 1 1 4 1
     -1.00946005430001926771e-16 	 1 1 4 2
     -1.61524400520840932227e-16 	 1 1 4 3
      3.96290895985614344266e-01 	 1 1 4 4
      8.68303280104408062690e-17 	 1 1 5 1
      3.39267463536998744350e-17 	 1 1 5 2
      1.18637898629946340025e-16 	 1 1 5 3
     -1.56976476925727115873e-17 	 1 1 5 4
      3.96290895985614455288e-01 	 1 1 5 5
      3.02122452903162454219e-02 	 1 1 6 1
      1.28575557310923217769e-02 	 1 1 6 2
     -1.74475961074685194385e-02 	 1 1 6 3
      2.14819694806508278434e-17 	 1 1 6 4
     -3.63826244618498581306e-17 	 1 1 6 5
      3.61297642622270931412e-01 	 1 1 6 6
      1.23210600872631720337e-01 	 2 1 1 1
      1.65046353809819822123e-02 	 2 1 2 1
     -8.48907100586242420459e-03 	 2 1 2 2
      1.19454104393018449570e-02 	 2 1 3 1
      4.04999454638206319440e-03 	 2 1 3 2
      1.24140866418001871718e-02 	 2 1 3 3
     -6.95154556517519387385e-18 	 2 1 4 1
      1.38023746123426055310e-18 	 2 1 4 2
     -1.73310637962805839731e-18 	 2 1 4 3
      4.85870261144428182420e-03 	 2 1 4 4
      1.15167416052414344447e-17 	 2 1 5 1
      2.86613490259879086963e-18 	 2 1 5 2
      1.02121282656375206152e-17 	 2 1 5 3
     -4.63131381557155984648e-20 	 2 1 5 4
      4.85870261144428442629e-03 	 2 1 5 5
      6.80153168030694140617e-03 	 2 1 6 1
      7.01752834864105990570e-03 	 2 1 6 2
     -5.04808154042391248745e-03 	 2 1 6 3
      6.89490358164469706992e-18 	 2 1 6 4
     -8.53850569034726851714e-18 	 2 1 6 5
     -5.73465597978832161696e-03 	 2 1 6 6
      3.93597799685007965209e-01 	 2 2 1 1
     -8.48907100586242073514e-03 	 2 2 2 1
      5.01300613191808186464e-01 	 2 2 2 2
      1.84733071175995702817e-02 	 2 2 3 1
     -4.53744406699541080741e-02 	 2 2 3 2
      2.29966383150381342704e-01 	 2 2 3 3
      3.88553291075843939117e-17 	 2 2 4 1
     -5.30511271705512935186e-17 	 2 2 4 2
     -9.82182228918709525703e-17 	 2 2 4 3
      2.80184407088635178962e-01 	 2 2 4 4
     -1.13953585361972844693e-17 	 2 2 5 1
     -3.37081596585752395183e-17 	 2 2 5 2
      1.50159023401018479597e-17 	 2 2 5 3
     -6.17922540954159357274e-18 	 2 2 5 4
      2.80184407088635178962e-01 	 2 2 5 5
     -4.72094232823592075549e-03 	 2 2 6 1
     -1.38201208927496405066e-01 	 2 2 6 2
      5.06508683307977589094e-02 	 2 2 6 3
     -4.01921175724352178542e-17 	 2 2 6 4
      5.62249248159241200297e-17 	 2 2 6 5
      4.59867061580073066551e-01 	 2 2 6 6
      1.36465241834231032492e-01 	 3 1 1 1
      1.19454104393018501612e-02 	 3 1 2 1
      1.84733071175995564039e-02 	 3 1 2 2
      2.13176010873082737163e-02 	 3 1 3 1
     -2.89467541642574391347e-04 	 3 1 3 2
     -2.18767169704167305233e-03 	 3 1 3 3
     -7.72611737780628623778e-18 	 3 1 4 1
     -4.59857782302742589613e-19 	 3 1 4 2
      5.26016477617520815238e-18 	 3 1 4 3
      4.89215942895839927401e-03 	 3 1 4 4
      1.31087687209552108995e-17 	 3 1 5 1
      6.97850551723563846425e-18 	 3 1 5 2
     -9.34892180656789179308e-19 	 3 1 5 3
      2.91014129948305356121e-19 	 3 1 5 4
      4.89215942895840100874e-03 	 3 1 5 5
     -1.55146825508030363362e-04 	 3 1 6 1
     -2.35757064896312262814e-03 	 3 1 6 2
      4.61847460150586596600e-03 	 3 1 6 3
     -2.19519221504177613287e-18 	 3 1 6 4
      1.16007968768070335391e-17 	 3 1 6 5
      1.14767608660228306178e-02 	 3 1 6 6
      9.55749466986747196751e-03 	 3 2 1 1
      4.04999454638207620483e-03 	 3 2 2 1
     -4.53744406699541635852e-02 	 3 2 2 2
     -2.89467541642566856142e-04 	 3 2 3 1
      1.13600221043212278732e-02 	 3 2 3 2
      4.82589208589973180097e-03 	 3 2 3 3
      7.80662657492181476926e-19 	 3 2 4 1
     -6.32472053320304836779e-18 	 3 2 4 2
     -5.33252262127753011698e-18 	 3 2 4 3
      3.79520207156540693647e-03 	 3 2 4 4
      6.99327701408568312619e-18 	 3 2 5 1
     -1.22487224779253984643e-17 	 3 2 5 2
     -1.62637714957288102074e-17 	 3 2 5 3
     -1.32082167971148060143e-18 	 3 2 5 4
      3.79520207156541083959e-03 	 3 2 5 5
      6.32359066482847528498e-04 	 3 2 6 1
      3.25365472264424679394e-02 	 3 2 6 2
     -7.59059541046307965223e-03 	 3 2 6 3
      8.20963146167705465084e-18 	 3 2 6 4
     -2.94548620718837039131e-17 	 3 2 6 5
     -4.09605385814157743618e-02 	 3 2 6 6
      3.96123829133834093330e-01 	 3 3 1 1
      1.24140866418001732940e-02 	 3 3 2 1
      2.29966383150381342704e-01 	 3 3 2 2
     -2.18767169704169430269e-03 	 3 3 3 1
      4.82589208589970924956e-03 	 3 3 3 2
      3.39485047892402524994e-01 	 3 3 3 3
      4.12242638862708008726e-17 	 3 3 4 1
     -6.14849624562884619528e-17 	 3 3 4 2
     -1.33512095597749580467e-16 	 3 3 4 3
      2.82400436402673149505e-01 	 3 3 4 4
     -1.74541683508978115775e-17 	 3 3 5 1
     -1.88071850971291298605e-17 	 3 3 5 2
      7.89703191235845651834e-17 	 3 3 5 3
     -2.80757120542110332288e-18 	 3 3 5 4
      2.82400436402673260528e-01 	 3 3 5 5
      8.42382581384419105996e-03 	 3 3 6 1
      5.85076657040753921046e-03 	 3 3 6 2
     -3.61491661734688191077e-02 	 3 3 6 3
      3.41951181707320329106e-17 	 3 3 6 4
     -8.92452240553724373478e-17 	 3 3 6 5
      2.42456360775046564360e-01 	 3 3 6 6
      9.91108850000396106809e-18 	 4 1 1 1
     -6.95154556517519387385e-18 	 4 1 2 1
      3.88553291075843877487e-17 	 4 1 2 2
     -7.72611737780629240076e-18 	 4 1 3 1
      7.80662657492190528797e-19 	 4 1 3 2
      4.12242638862707885466e-17 	 4 1 3 3
      9.82169265421298752494e-03 	 4 1 4 1
     -7.68005245541498234724e-03 	 4 1 4 2
     -1.02342040093874406953e-02 	 4 1 4 3
      6.07183889562745767080e-17 	 4 1 4 4
     -3.38889915482014281659e-19 	 4 1 5 1
      2.26724275517539292703e-19 	 4 1 5 2
      3.28556654595700761373e-19 	 4 1 5 3
     -1.59800818553638811838e-17 	 4 1 5 4
      4.17104069067679200073e-17 	 4 1 5 5
      4.65735691695701903277e-19 	 4 1 6 1
      8.47505978137366137386e-19 	 4 1 6 2
     -4.38250234152641213752e-18 	 4 1 6 3
     -5.78296427310776538222e-03 	 4 1 6 4
     -2.62376714763361462231e-19 	 4 1 6 5
      3.52023136372553585761e-17 	 4 1 6 6
     -1.00946005430001877467e-16 	 4 2 1 1
      1.38023746123425939754e-18 	 4 2 2 1
     -5.30511271705512503778e-17 	 4 2 2 2
     -4.59857782302735367376e-19 	 4 2 3 1
     -6.32472053320305376040e-18 	 4 2 3 2
     -6.14849624562884742788e-17 	 4 2 3 3
     -7.68005245541498408196e-03 	 4 2 4 1
      2.45777918047197681262e-02 	 4 2 4 2
      1.91833844264976925709e-02 	 4 2 4 3
     -1.07812515514709503538e-16 	 4 2 4 4
      2.08913301577768465169e-19 	 4 2 5 1
     -4.57052142541283679911e-19 	 4 2 5 2
      2.58414829283585062246e-19 	 4 2 5 3
      2.82181835879698309403e-17 	 4 2 5 4
     -7.06173696872162388288e-17 	 4 2 5 5
      1.41133898749876175055e-18 	 4 2 6 1
     -1.98583158952250876876e-17 	 4 2 6 2
      8.88566613443413798229e-18 	 4 2 6 3
      1.93081871255284288902e-02 	 4 2 6 4
      3.81677445368104925296e-19 	 4 2 6 5
     -3.42615902479229385652e-17 	 4 2 6 6
     -1.61524400520840833619e-16 	 4 3 1 1
     -1.73310637962804915285e-18 	 4 3 2 1
     -9.82182228918709525703e-17 	 4 3 2 2
      5.26016477617521431535e-18 	 4 3 3 1
     -5.33252262127754398367e-18 	 4 3 3 2
     -1.33512095597749629771e-16 	 4 3 3 3
     -1.02342040093874424300e-02 	 4 3 4 1
      1.91833844264976856320e-02 	 4 3 4 2
      4.13964603147416246309e-02 	 4 3 4 3
     -1.68161468575653443995e-16 	 4 3 4 4
      3.33907901135114485992e-19 	 4 3 5 1
      2.02795941546403201145e-19 	 4 3 5 2
     -4.95459139487525187913e-19 	 4 3 5 3
      4.04571412438981721818e-17 	 4 3 5 4
     -1.18454189369407362727e-16 	 4 3 5 5
     -4.22813976319208404501e-18 	 4 3 6 1
      6.66781500767946814338e-19 	 4 3 6 2
      2.48476879626075897936e-17 	 4 3 6 3
      1.39048051954511354272e-02 	 4 3 6 4
      7.46812081311561686829e-19 	 4 3 6 5
     -9.51389440506364653954e-17 	 4 3 6 6
      3.96290895985614344266e-01 	 4 4 1 1
      4.85870261144426621169e-03 	 4 4 2 1
      2.80184407088635123451e-01 	 4 4 2 2
      4.89215942895836457954e-03 	 4 4 3 1
      3.79520207156542385002e-03 	 4 4 3 2
      2.82400436402673205016e-01 	 4 4 3 3
      6.07183889562746013599e-17 	 4 4 4 1
     -1.07812515514709515864e-16 	 4 4 4 2
     -1.68161468575653468647e-16 	 4 4 4 3
      3.12945511159409162083e-01 	 4 4 4 4
     -2.97006617884831949048e-17 	 4 4 5 1
      2.33559002645050837441e-17 	 4 4 5 2
      9.15402805512634980467e-17 	 4 4 5 3
     -3.65286044209915066308e-17 	 4 4 5 4
      2.79207232132027027838e-01 	 4 4 5 5
     -3.14169933289844705709e-04 	 4 4 6 1
      4.98280190007770792254e-03 	 4 4 6 2
     -6.76708564106037854975e-04 	 4 4 6 3
     -1.24152919915598290368e-17 	 4 4 6 4
     -9.20764075837194656193e-18 	 4 4 6 5
      2.70127820906396087786e-01 	 4 4 6 6
      8.68303280104407076614e-17 	 5 1 1 1
      1.15167416052414359855e-17 	 5 1 2 1
     -1.13953585361972952545e-17 	 5 1 2 2
      1.31087687209552062772e-17 	 5 1 3 1
      6.99327701408566463726e-18 	 5 1 3 2
     -1.74541683508977930886e-17 	 5 1 3 3
     -4.23213503564745666845e-19 	 5 1 4 1
      1.57911591842104093698e-19 	 5 1 4 2
      1.10977356769314915865e-19 	 5 1 4 3
     -2.97006617884831394380e-17 	 5 1 4 4
      9.82169265421298752494e-03 	 5 1 5 1
     -7.68005245541498668405e-03 	 5 1 5 2
     -1.02342040093874458995e-02 	 5 1 5 3
      9.50399102475332989111e-18 	 5 1 5 4
     -6.16608254992109018057e-17 	 5 1 5 5
     -1.36389726559481377401e-18 	 5 1 6 1
     -4.19148058119807455368e-18 	 5 1 6 2
      1.37467775283586059506e-17 	 5 1 6 3
      2.52537165884668808829e-19 	 5 1 6 4
     -5.78296427310776798431e-03 	 5 1 6 5
     -1.83500661544818702728e-17 	 5 1 6 6
      3.39267463536998128053e-17 	 5 2 1 1
      2.86613490259880974375e-18 	 5 2 2 1
     -3.37081596585752580073e-17 	 5 2 2 2
      6.97850551723565541243e-18 	 5 2 3 1
     -1.22487224779253969236e-17 	 5 2 3 2
     -1.88071850971291668384e-17 	 5 2 3 3
      1.54940085233446510244e-19 	 5 2 4 1
     -7.32438134135975252761e-19 	 5 2 4 2
     -1.65175255506097660953e-19 	 5 2 4 3
      2.33559002645050868256e-17 	 5 2 4 4
     -7.68005245541498581668e-03 	 5 2 5 1
      2.45777918047197750651e-02 	 5 2 5 2
      1.91833844264976960403e-02 	 5 2 5 3
     -1.85975729137466323545e-17 	 5 2 5 4
      7.97922674404447209728e-17 	 5 2 5 5
     -6.86019065701711955153e-19 	 5 2 6 1
      3.94207381943676372281e-17 	 5 2 6 2
     -2.95809021607875202592e-17 	 5 2 6 3
     -3.08047418665367741884e-19 	 5 2 6 4
      1.93081871255284323596e-02 	 5 2 6 5
     -3.11629878571009649130e-17 	 5 2 6 6
      1.18637898629946290721e-16 	 5 3 1 1
      1.02121282656375329412e-17 	 5 3 2 1
      1.50159023401018695301e-17 	 5 3 2 2
     -9.34892180656773001496e-19 	 5 3 3 1
     -1.62637714957288379408e-17 	 5 3 3 2
      7.89703191235845405315e-17 	 5 3 3 3
      1.11870135822835692449e-19 	 5 3 4 1
     -1.74454472523380842139e-19 	 5 3 4 2
     -1.04805859168787789461e-18 	 5 3 4 3
      9.15402805512634240909e-17 	 5 3 4 4
     -1.02342040093874458995e-02 	 5 3 5 1
      1.91833844264976925709e-02 	 5 3 5 2
      4.13964603147416315698e-02 	 5 3 5 3
     -2.48536396031230837747e-17 	 5 3 5 4
      1.72454563039059731477e-16 	 5 3 5 5
      1.15272173774696727223e-17 	 5 3 6 1
      4.87258050772845648461e-18 	 5 3 6 2
     -6.66255535136297211331e-17 	 5 3 6 3
      8.01933644796764474693e-19 	 5 3 6 4
      1.39048051954511423661e-02 	 5 3 6 5
      4.25353617784184899028e-17 	 5 3 6 6
     -2.49391079794537564211e-17 	 5 4 1 1
     -2.06386557769644296164e-18 	 5 4 2 1
     -1.04638060143999762511e-17 	 5 4 2 2
     -4.86963215986791373478e-18 	 5 4 3 1
      2.60415545069596215602e-19 	 5 4 3 2
     -6.48232406438529982703e-18 	 5 4 3 3
     -1.59800818553638781024e-17 	 5 4 4 1
      2.82181835879698371033e-17 	 5 4 4 2
      4.04571412438981906707e-17 	 5 4 4 3
     -2.30269236342776988889e-17 	 5 4 4 4
      9.50399102475332372814e-18 	 5 4 5 1
     -1.85975729137466354359e-17 	 5 4 5 2
     -2.48536396031231299970e-17 	 5 4 5 3
      1.68691395136910567143e-02 	 5 4 5 4
      2.38117805113218081527e-17 	 5 4 5 5
     -1.16303042801177936700e-18 	 5 4 6 1
     -2.93257811526669575508e-18 	 5 4 6 2
     -1.85096499802432574621e-18 	 5 4 6 3
      1.97946984022581923793e-17 	 5 4 6 4
     -9.76076821393652902800e-18 	 5 4 6 5
     -1.38950114549005248681e-17 	 5 4 6 6
      3.96290895985614399777e-01 	 5 5 1 1
      4.85870261144426534433e-03 	 5 5 2 1
      2.80184407088635178962e-01 	 5 5 2 2
      4.89215942895835677329e-03 	 5 5 3 1
      3.79520207156544163093e-03 	 5 5 3 2
      2.82400436402673260528e-01 	 5 5 3 3
      4.17104069067679569851e-17 	 5 5 4 1
     -7.06173696872162388288e-17 	 5 5 4 2
     -1.18454189369407338075e-16 	 5 5 4 3
      2.79207232132027083349e-01 	 5 5 4 4
     -6.16608254992109634354e-17 	 5 5 5 1
      7.97922674404447332988e-17 	 5 5 5 2
      1.72454563039059608217e-16 	 5 5 5 3
      1.78241455606189245544e-17 	 5 5 5 4
      3.12945511159409384128e-01 	 5 5 5 5
     -3.14169933289848663047e-04 	 5 5 6 1
      4.98280190007767236071e-03 	 5 5 6 2
     -6.76708564106039481278e-04 	 5 5 6 3
      7.10624443631323210072e-18 	 5 5 6 4
      3.03817560461444489820e-17 	 5 5 6 5
      2.70127820906396032274e-01 	 5 5 6 6
      3.02122452903161829718e-02 	 6 1 1 1
      6.80153168030694140617e-03 	 6 1 2 1
     -4.72094232823592335757e-03 	 6 1 2 2
     -1.55146825508029360475e-04 	 6 1 3 1
      6.32359066482842758009e-04 	 6 1 3 2
      8.42382581384419973358e-03 	 6 1 3 3
      4.65735691695704310689e-19 	 6 1 4 1
      1.41133898749875712832e-18 	 6 1 4 2
     -4.22813976319208866724e-18 	 6 1 4 3
     -3.14169933289808655987e-04 	 6 1 4 4
     -1.36389726559480780363e-18 	 6 1 5 1
     -6.86019065701715518124e-19 	 6 1 5 2
      1.15272173774696588556e-17 	 6 1 5 3
      1.22258750613930747104e-20 	 6 1 5 4
     -3.14169933289809089668e-04 	 6 1 5 5
      5.68985423212458544390e-03 	 6 1 6 1
     -1.07806739858019927196e-03 	 6 1 6 2
     -3.89623595029589715744e-03 	 6 1 6 3
      3.51359115274410652276e-18 	 6 1 6 4
     -6.88334258565539940639e-18 	 6 1 6 5
     -8.11332078306903825213e-04 	 6 1 6 6
      1.28575557310921465698e-02 	 6 2 1 1
      7.01752834864104516055e-03 	 6 2 2 1
     -1.38201208927496516088e-01 	 6 2 2 2
     -2.35757064896315992469e-03 	 6 2 3 1
      3.25365472264424263060e-02 	 6 2 3 2
      5.85076657040747329097e-03 	 6 2 3 3
      8.47505978137378270745e-19 	 6 2 4 1
     -1.98583158952250322208e-17 	 6 2 4 2
      6.66781500767988125535e-19 	 6 2 4 3
      4.98280190007764200305e-03 	 6 2 4 4
     -4.19148058119810999079e-18 	 6 2 5 1
      3.94207381943675694354e-17 	 6 2 5 2
      4.87258050772840564006e-18 	 6 2 5 3
      1.03488712676990410478e-18 	 6 2 5 4
      4.98280190007765674820e-03 	 6 2 5 5
     -1.07806739858021119818e-03 	 6 2 6 1
      1.22254648583673450335e-01 	 6 2 6 2
     -3.03936732431714339009e-02 	 6 2 6 3
      2.87141246964300092380e-17 	 6 2 6 4
     -3.53561905246862456006e-17 	 6 2 6 5
     -1.46072123841042067482e-01 	 6 2 6 6
     -1.74475961074685124996e-02 	 6 3 1 1
     -5.04808154042389340549e-03 	 6 3 2 1
      5.06508683307976964594e-02 	 6 3 2 2
      4.61847460150588331323e-03 	 6 3 3 1
     -7.59059541046303715151e-03 	 6 3 3 2
     -3.61491661734688329854e-02 	 6 3 3 3
     -4.38250234152643447831e-18 	 6 3 4 1
      8.88566613443411795262e-18 	 6 3 4 2
      2.48476879626076021196e-17 	 6 3 4 3
     -6.76708564106043167566e-04 	 6 3 4 4
      1.37467775283586429285e-17 	 6 3 5 1
     -2.95809021607874832814e-17 	 6 3 5 2
     -6.66255535136297211331e-17 	 6 3 5 3
      1.27551752127613482244e-18 	 6 3 5 4
     -6.76708564106045444390e-04 	 6 3 5 5
     -3.89623595029588371333e-03 	 6 3 6 1
     -3.03936732431713575731e-02 	 6 3 6 2
      2.63091188132329560634e-02 	 6 3 6 3
     -1.31222272955540644657e-17 	 6 3 6 4
      1.43991678459618456600e-17 	 6 3 6 5
      4.29662736676967721428e-02 	 6 3 6 6
      2.14819694806508278434e-17 	 6 4 1 1
      6.89490358164468551434e-18 	 6 4 2 1
     -4.01921175724351993653e-17 	 6 4 2 2
     -2.19519221504179231069e-18 	 6 4 3 1
      8.20963146167702999893e-18 	 6 4 3 2
      3.41951181707320390735e-17 	 6 4 3 3
     -5.78296427310776538222e-03 	 6 4 4 1
      1.93081871255284254207e-02 	 6 4 4 2
      1.39048051954511371620e-02 	 6 4 4 3
     -1.24152919915598013034e-17 	 6 4 4 4
      3.23515962750034365398e-19 	 6 4 5 1
     -6.00543784198987644259e-19 	 6 4 5 2
     -1.85611953140192229987e-19 	 6 4 5 3
      1.97946984022581923793e-17 	 6 4 5 4
      7.10624443631324596741e-18 	 6 4 5 5
      3.51359115274409265607e-18 	 6 4 6 1
      2.87141246964300092380e-17 	 6 4 6 2
     -1.31222272955540259471e-17 	 6 4 6 3
      1.90511196692405432307e-02 	 6 4 6 4
     -7.09390980725906350726e-19 	 6 4 6 5
     -2.43949753475474797645e-17 	 6 4 6 6
     -3.63826244618498581306e-17 	 6 5 1 1
     -8.53850569034724386524e-18 	 6 5 2 1
      5.62249248159240214220e-17 	 6 5 2 2
      1.16007968768070581910e-17 	 6 5 3 1
     -2.94548620718836484463e-17 	 6 5 3 2
     -8.92452240553724619997e-17 	 6 5 3 3
      3.00941265687523224148e-19 	 6 5 4 1
     -1.38312561324066944734e-21 	 6 5 4 2
      5.92141455970669654911e-19 	 6 5 4 3
     -9.20764075837196505085e-18 	 6 5 4 4
     -5.78296427310776624958e-03 	 6 5 5 1
      1.93081871255284323596e-02 	 6 5 5 2
      1.39048051954511423661e-02 	 6 5 5 3
     -9.76076821393652594651e-18 	 6 5 5 4
      3.03817560461444366560e-17 	 6 5 5 5
     -6.88334258565538091747e-18 	 6 5 6 1
     -3.53561905246861408300e-17 	 6 5 6 2
      1.43991678459618456600e-17 	 6 5 6 3
     -5.17379701901985231404e-19 	 6 5 6 4
      1.90511196692405432307e-02 	 6 5 6 5
      4.33997540810332898817e-17 	 6 5 6 6
      3.61297642622270986923e-01 	 6 6 1 1
     -5.73465597978832248433e-03 	 6 6 2 1
      4.59867061580073233085e-01 	 6 6 2 2
      1.14767608660228566386e-02 	 6 6 3 1
     -4.09605385814157257895e-02 	 6 6 3 2
      2.42456360775046703138e-01 	 6 6 3 3
      3.52023136372553400872e-17 	 6 6 4 1
     -3.42615902479229077503e-17 	 6 6 4 2
     -9.51389440506365516770e-17 	 6 6 4 3
      2.70127820906395976763e-01 	 6 6 4 4
     -1.83500661544818148060e-17 	 6 6 5 1
     -3.11629878571008847943e-17 	 6 6 5 2
      4.25353617784186069993e-17 	 6 6 5 3
     -9.40325607093563271284e-18 	 6 6 5 4
      2.70127820906396087786e-01 	 6 6 5 5
     -8.11332078306901223128e-04 	 6 6 6 1
     -1.46072123841042234016e-01 	 6 6 6 2
      4.29662736676966333649e-02 	 6 6 6 3
     -2.43949753475473873198e-17 	 6 6 6 4
      4.33997540810330988294e-17 	 6 6 6 5
      4.56934493626684257173e-01 	 6 6 6 6
 # Printing T + V integrals in spatial MO basis
     -4.77412687057447460148e+00 	 1 1 0 0
     -1.14721529866605331804e-01 	 1 2 0 0
     -1.69361861523174256350e-01 	 1 3 0 0
     -1.81574706318165866012e-16 	 1 4 0 0
      6.66682011874740317593e-17 	 1 5 0 0
     -1.37528322850969525470e-02 	 1 6 0 0
     -1.14721529866605248538e-01 	 2 1 0 0
     -1.57319044124032103582e+00 	 2 2 0 0
      3.82048617699132647685e-02 	 2 3 0 0
      2.85448296133691871573e-16 	 2 4 0 0
     -3.09828398833730721989e-17 	 2 5 0 0
      1.19287629146247464718e-01 	 2 6 0 0
     -1.69361861523174367372e-01 	 3 1 0 0
      3.82048617699133480352e-02 	 3 2 0 0
     -1.14000328802269801365e+00 	 3 3 0 0
      4.70346277167887311114e-16 	 3 4 0 0
     -3.28984087877241249302e-16 	 3 5 0 0
     -3.40251440460607179617e-02 	 3 6 0 0
     -1.81574706318165866012e-16 	 4 1 0 0
      2.85448296133691772966e-16 	 4 2 0 0
      4.70346277167887212506e-16 	 4 3 0 0
     -1.15527610315270590213e+00 	 4 4 0 0
      2.77555756156289135106e-17 	 4 5 0 0
     -6.10004361127105189513e-17 	 4 6 0 0
      6.66682011874739701296e-17 	 5 1 0 0
     -3.09828398833729242875e-17 	 5 2 0 0
     -3.28984087877240953479e-16 	 5 3 0 0
      2.77555756156289566514e-17 	 5 4 0 0
     -1.15527610315270612418e+00 	 5 5 0 0
     -1.35773961127495829776e-17 	 5 6 0 0
     -1.37528322850970184665e-02 	 6 1 0 0
      1.19287629146247797784e-01 	 6 2 0 0
     -3.40251440460606902061e-02 	 6 3 0 0
     -6.10004361127105189513e-17 	 6 4 0 0
     -1.35773961127493364586e-17 	 6 5 0 0
     -9.17467425616829812540e-01 	 6 6 0 0
 # Printing -1/2 \lambda \lambda q integrals in spatial MO basis
      1.30866234825158935060e-05 	 1 1 0 0
     -5.51119594184075161904e-06 	 1 2 0 0
     -1.31763168939199579638e-05 	 1 3 0 0
      2.07973541203513718025e-20 	 1 4 0 0
     -2.70032403267465157832e-20 	 1 5 0 0
      7.63485949224541632797e-06 	 1 6 0 0
     -5.51119594184075077201e-06 	 2 1 0 0
      2.59709014877593138537e-04 	 2 2 0 0
     -4.98792031018174700317e-05 	 2 3 0 0
     -1.13153017444296845810e-20 	 2 4 0 0
     -5.67502147707489411068e-20 	 2 5 0 0
     -5.02725009266430974530e-05 	 2 6 0 0
     -1.31763168939199613519e-05 	 3 1 0 0
     -4.98792031018174700317e-05 	 3 2 0 0
      3.27546410737446886622e-04 	 3 3 0 0
     -1.37981452983300484419e-19 	 3 4 0 0
      3.27116381773987906160e-19 	 3 5 0 0
     -8.99365335442924880701e-05 	 3 6 0 0
      2.07973541203513718025e-20 	 4 1 0 0
     -1.13153017444296966181e-20 	 4 2 0 0
     -1.37981452983300484419e-19 	 4 3 0 0
      1.23022804317177939654e-04 	 4 4 0 0
     -3.38813178901721414565e-21 	 4 5 0 0
      2.81260144864532595012e-20 	 4 6 0 0
     -2.70032403267465157832e-20 	 5 1 0 0
     -5.67502147707489411068e-20 	 5 2 0 0
      3.27116381773987954308e-19 	 5 3 0 0
     -3.38813178901720436554e-21 	 5 4 0 0
      1.23022804317177966759e-04 	 5 5 0 0
     -1.35696922437687240912e-19 	 5 6 0 0
      7.63485949224541463390e-06 	 6 1 0 0
     -5.02725009266431516631e-05 	 6 2 0 0
     -8.99365335442924880701e-05 	 6 3 0 0
      2.81260144864532354271e-20 	 6 4 0 0
     -1.35696922437687216838e-19 	 6 5 0 0
      2.86053552490112233779e-04 	 6 6 0 0
 # Printing \lambda mu integrals in spatial MO basis
      3.33891806605453441911e-03 	 1 1 0 0
      1.27305403970266002231e-03 	 1 2 0 0
     -1.49256532223215779114e-03 	 1 3 0 0
      9.61877911918402704977e-19 	 1 4 0 0
     -2.45198262843017900993e-18 	 1 5 0 0
      9.47241475707826354261e-04 	 1 6 0 0
      1.27305403970266023915e-03 	 2 1 0 0
     -1.94066009902919070496e-02 	 2 2 0 0
      3.30813363211259793550e-03 	 2 3 0 0
     -7.37334419147094378473e-19 	 2 4 0 0
      4.04724500199347222175e-18 	 2 5 0 0
      5.24808632654022270969e-03 	 2 6 0 0
     -1.49256532223215757429e-03 	 3 1 0 0
      3.30813363211259793550e-03 	 3 2 0 0
      1.99426988727751837438e-02 	 3 3 0 0
     -8.94867230534139132852e-18 	 3 4 0 0
      2.47721212876748013390e-17 	 3 5 0 0
     -9.36993075543487811963e-03 	 3 6 0 0
      9.61877911918402704977e-19 	 4 1 0 0
     -7.37334419147094185880e-19 	 4 2 0 0
     -8.94867230534139132852e-18 	 4 3 0 0
      3.32300051150316100648e-03 	 4 4 0 0
     -9.12795834314457318457e-20 	 4 5 0 0
      7.28700612793700398120e-18 	 4 6 0 0
     -2.45198262843017862474e-18 	 5 1 0 0
      4.04724500199347453287e-18 	 5 2 0 0
      2.47721212876748013390e-17 	 5 3 0 0
     -1.36163494309549933912e-19 	 5 4 0 0
      3.32300051150316144016e-03 	 5 5 0 0
     -1.27800211517956710007e-17 	 5 6 0 0
      9.47241475707826571101e-04 	 6 1 0 0
      5.24808632654022184233e-03 	 6 2 0 0
     -9.36993075543487811963e-03 	 6 3 0 0
      7.28700612793700552194e-18 	 6 4 0 0
     -1.27800211517956710007e-17 	 6 5 0 0
     -1.36281253818735532263e-02 	 6 6 0 0
 # Printing nuclear repulsion energy
      1.13395116572142873324e+00 	 0 0 0 0
 # Printing photon energy
      1.20859999999999995213e-01 	 0 0 0 0
 # Printing lambda vector
  0.0000000000e+00, 0.0000000000e+00, 1.0000000000e-02 	 0 0 0 0
 # Printing FCI Ground-state Energy
     -7.87831344113393061690e+00 	 0 0 0 0
 Total Energy from Trace( 2K 2D) for RDM from root  0
-7.878313441133949
 Corresponding CI Energy Eigenvalues 
-7.878313441133931
