  # Printing MO Coeffients
      9.90851796773217552428e-01 	 1 1
      1.84020364648691980847e-01 	 1 2
      2.06987574108475153034e-01 	 1 3
     -1.08041963305265569040e-16 	 1 4
      2.45482273491520338998e-16 	 1 5
      5.75857234939412404584e-02 	 1 6
      3.08688689168172443467e-02 	 2 1
     -4.36043409160124073587e-01 	 2 2
     -8.04497400770608384057e-01 	 2 3
      6.07832025971730980526e-16 	 2 4
     -1.12614031358455411154e-15 	 2 5
     -7.85797472187173440261e-01 	 2 6
     -8.36703804166502064510e-03 	 3 1
     -3.53144096967989096214e-01 	 3 2
      6.12031551297201659168e-01 	 3 3
     -1.02846400558954424768e-16 	 3 4
      8.74419472433280327520e-16 	 3 5
     -1.04168816759972493458e+00 	 3 6
     -3.49471010717823724265e-17 	 4 1
      9.78404105913650604353e-18 	 4 2
     -1.04435074464975321638e-15 	 4 3
      2.14967378219836247055e-01 	 4 4
      9.76621229700281201502e-01 	 4 5
      3.32972113842225042131e-17 	 4 6
     -1.25193077526405548062e-16 	 5 1
      1.31141499261624317349e-16 	 5 2
     -3.39512221347869153709e-16 	 5 3
     -9.76621229700281090480e-01 	 5 4
      2.14967378219836302566e-01 	 5 5
     -1.88185852478465763175e-16 	 5 6
      1.05927617336773575996e-02 	 6 1
     -5.40850468774167980612e-01 	 6 2
      1.29418333970425347701e-01 	 6 3
     -2.24016182320499026533e-16 	 6 4
      1.36579478502644590011e-16 	 6 5
      1.29097230311085886534e+00 	 6 6
  # Printing 1 electron RDM
      1.99991090892482903385e+00 	 1 1
      5.48901463285341047714e-04 	 1 2
     -4.83944219498733791372e-04 	 1 3
      1.31765122791604588155e-16 	 1 4
      6.28563241235677402077e-18 	 1 5
     -1.17312188564542641336e-03 	 1 6
      5.48901463285341047714e-04 	 2 1
      1.96163551475174280370e+00 	 2 2
      6.50919243989688534047e-02 	 2 3
      3.06506483356519776624e-15 	 2 4
     -5.13215301421867412769e-15 	 2 5
     -7.62406206548082651664e-03 	 2 6
     -4.83944219498733791372e-04 	 3 1
      6.50919243989688534047e-02 	 3 2
      9.00353425106758045726e-03 	 3 3
      1.58959432568684444746e-16 	 3 4
      5.50418096632181070622e-17 	 3 5
      1.29850489721698610091e-02 	 3 6
      1.31765122791604588155e-16 	 4 1
      3.06506483356519776624e-15 	 4 2
      1.58959432568684444746e-16 	 4 3
      1.79314053045529007806e-03 	 4 4
     -1.71430228024896689697e-19 	 4 5
      9.27127802769104037984e-17 	 4 6
      6.28563241235677402077e-18 	 5 1
     -5.13215301421867412769e-15 	 5 2
      5.50418096632181070622e-17 	 5 3
     -1.71430228024896689697e-19 	 5 4
      1.79314053045529701695e-03 	 5 5
      4.77280655307224361897e-16 	 5 6
     -1.17312188564542641336e-03 	 6 1
     -7.62406206548082651664e-03 	 6 2
      1.29850489721698610091e-02 	 6 3
      9.27127802769104037984e-17 	 6 4
      4.77280655307224361897e-16 	 6 5
      2.58637610114430364916e-02 	 6 6
  # Printing 1 electron 1 photon RDM
      0.00000000000000000000e+00 	 1 1
      0.00000000000000000000e+00 	 1 2
      0.00000000000000000000e+00 	 1 3
      0.00000000000000000000e+00 	 1 4
      0.00000000000000000000e+00 	 1 5
      0.00000000000000000000e+00 	 1 6
      0.00000000000000000000e+00 	 2 1
      0.00000000000000000000e+00 	 2 2
      0.00000000000000000000e+00 	 2 3
      0.00000000000000000000e+00 	 2 4
      0.00000000000000000000e+00 	 2 5
      0.00000000000000000000e+00 	 2 6
      0.00000000000000000000e+00 	 3 1
      0.00000000000000000000e+00 	 3 2
      0.00000000000000000000e+00 	 3 3
      0.00000000000000000000e+00 	 3 4
      0.00000000000000000000e+00 	 3 5
      0.00000000000000000000e+00 	 3 6
      0.00000000000000000000e+00 	 4 1
      0.00000000000000000000e+00 	 4 2
      0.00000000000000000000e+00 	 4 3
      0.00000000000000000000e+00 	 4 4
      0.00000000000000000000e+00 	 4 5
      0.00000000000000000000e+00 	 4 6
      0.00000000000000000000e+00 	 5 1
      0.00000000000000000000e+00 	 5 2
      0.00000000000000000000e+00 	 5 3
      0.00000000000000000000e+00 	 5 4
      0.00000000000000000000e+00 	 5 5
      0.00000000000000000000e+00 	 5 6
      0.00000000000000000000e+00 	 6 1
      0.00000000000000000000e+00 	 6 2
      0.00000000000000000000e+00 	 6 3
      0.00000000000000000000e+00 	 6 4
      0.00000000000000000000e+00 	 6 5
      0.00000000000000000000e+00 	 6 6
  # Printing 2 electron RDM
      1.99986428869130894448e+00 	 1 1 1 1
      5.23976677263386430780e-04 	 1 1 2 1
      3.92314308644824061290e+00 	 1 1 2 2
     -4.86984741930203131159e-04 	 1 1 3 1
      1.30182746544987043569e-01 	 1 1 3 2
      1.79444913680490009122e-02 	 1 1 3 3
      1.31968340481052118885e-16 	 1 1 4 1
      6.12960154595171312012e-15 	 1 1 4 2
      3.17888958351116737761e-16 	 1 1 4 3
      3.53257716551238359903e-03 	 1 1 4 4
      6.23765318228016668244e-18 	 1 1 5 1
     -1.02649570360950509543e-14 	 1 1 5 2
      1.09590675700446754157e-16 	 1 1 5 3
     -3.39501571440375391507e-19 	 1 1 5 4
      3.53257716551239747682e-03 	 1 1 5 5
     -1.17361830651874828740e-03 	 1 1 6 1
     -1.52353440962457800656e-02 	 1 1 6 2
      2.59725246057847802827e-02 	 1 1 6 3
      1.85462685807101163931e-16 	 1 1 6 4
      9.54445401496351595034e-16 	 1 1 6 5
      5.17157059358651985392e-02 	 1 1 6 6
      5.23976677263386539200e-04 	 2 1 1 1
      5.02656898431524576908e-04 	 2 1 2 1
      4.30814140873450097556e-05 	 2 1 2 2
      2.42755945178163074676e-04 	 2 1 3 1
      5.59737051605673006753e-04 	 2 1 3 2
      6.56899683761682893915e-05 	 2 1 3 3
      6.01658000064573326181e-18 	 2 1 4 1
     -1.40461189966704844916e-16 	 2 1 4 2
     -8.45423827942589050057e-20 	 2 1 4 3
      3.87458853863350118161e-04 	 2 1 4 4
     -7.50124428383403484298e-18 	 2 1 5 1
      6.54447304180699350204e-18 	 2 1 5 2
      1.66938370878268814690e-17 	 2 1 5 3
     -3.27537795916294213326e-20 	 2 1 5 4
      3.87458853863350985523e-04 	 2 1 5 5
     -1.17387811518919842182e-05 	 2 1 6 1
      9.08351478844194172406e-04 	 2 1 6 2
      1.50981881910235116954e-04 	 2 1 6 3
      2.54916387830084901672e-18 	 2 1 6 4
      2.84518609941673135857e-18 	 2 1 6 5
      2.39038622402422634792e-04 	 2 1 6 6
      3.92314308644824061290e+00 	 2 2 1 1
      4.30814140873449758743e-05 	 2 2 2 1
      1.95930828764018483135e+00 	 2 2 2 2
     -1.18074719216987246602e-03 	 2 2 3 1
      6.67311764397720413866e-02 	 2 2 3 2
      2.33366630245118982651e-03 	 2 2 3 3
      2.48986318195418360246e-16 	 2 2 4 1
      3.16898601433411006045e-15 	 2 2 4 2
      1.07919732836637502057e-16 	 2 2 4 3
      5.10841240702013859513e-05 	 2 2 4 4
      2.66484065374134245865e-17 	 2 2 5 1
     -5.24811042140717158145e-15 	 2 2 5 2
     -1.78185571516204145612e-16 	 2 2 5 3
     -3.29901697845210460575e-21 	 2 2 5 4
      5.10841240702014333852e-05 	 2 2 5 5
     -1.94205184188375365971e-03 	 2 2 6 1
     -4.67375732960246832032e-03 	 2 2 6 2
     -1.61961851378865129584e-04 	 2 2 6 3
     -7.63414650356267737295e-18 	 2 2 6 4
      1.26920412843511193671e-17 	 2 2 6 5
      1.93356162137364606820e-05 	 2 2 6 6
     -4.86984741930203076949e-04 	 3 1 1 1
      2.42755945178163047571e-04 	 3 1 2 1
     -1.18074719216987268286e-03 	 3 1 2 2
     -7.49165105616095023527e-03 	 3 1 3 1
      5.50737956900331361403e-04 	 3 1 3 2
      5.58717464235434447466e-05 	 3 1 3 3
      1.20632149254540198266e-17 	 3 1 4 1
      2.00481073432928049071e-17 	 3 1 4 2
     -2.95997496775317581572e-19 	 3 1 4 3
     -4.46875777014261854869e-06 	 3 1 4 4
      2.18997537917932747392e-17 	 3 1 5 1
      9.59645585181512190698e-17 	 3 1 5 2
      1.09919784578959018041e-18 	 3 1 5 3
      8.63922096948508132461e-22 	 3 1 5 4
     -4.46875777014256772671e-06 	 3 1 5 5
      4.35716308596609150187e-04 	 3 1 6 1
      3.65951301595801277780e-03 	 3 1 6 2
      2.15642138475395233081e-04 	 3 1 6 3
      6.05121194851100261645e-18 	 3 1 6 4
     -8.46465651016810869567e-18 	 3 1 6 5
      1.68965044720615373362e-04 	 3 1 6 6
      1.30182746544987015813e-01 	 3 2 1 1
      5.59737051605673006753e-04 	 3 2 2 1
      6.67311764397720552644e-02 	 3 2 2 2
      5.50737956900331252982e-04 	 3 2 3 1
     -5.51221421140575817965e-02 	 3 2 3 2
     -1.87864819275960917913e-03 	 3 2 3 3
      2.72098411922693964665e-17 	 3 2 4 1
     -3.19345876700820158323e-16 	 3 2 4 2
     -1.09316264780358411732e-17 	 3 2 4 3
     -3.82522675843684734340e-08 	 3 2 4 4
      8.70599836996413943053e-17 	 3 2 5 1
     -1.40515557136253056239e-15 	 3 2 5 2
     -4.80395924467251596222e-17 	 3 2 5 3
      8.36762276621763217327e-23 	 3 2 5 4
     -3.82522675843625044987e-08 	 3 2 5 5
     -3.43683389678813532020e-03 	 3 2 6 1
     -1.00412926513971448306e-01 	 3 2 6 2
     -3.41856921493617583671e-03 	 3 2 6 3
     -1.62634355302147750474e-16 	 3 2 6 4
      2.68879455534460651294e-16 	 3 2 6 5
      2.40574909442259826176e-04 	 3 2 6 6
      1.79444913680490078511e-02 	 3 3 1 1
      6.56899683761682893915e-05 	 3 3 2 1
      2.33366630245118939282e-03 	 3 3 2 2
      5.58717464235434786279e-05 	 3 3 3 1
     -1.87864819275961286542e-03 	 3 3 3 2
      1.57978146818764245488e-03 	 3 3 3 3
      1.45760810802558217527e-18 	 3 3 4 1
     -1.07769433570711347301e-17 	 3 3 4 2
      8.95030436340233340771e-18 	 3 3 4 3
      1.98235050372038493614e-07 	 3 3 4 4
      1.81447543948481352483e-18 	 3 3 5 1
     -4.74392535344960310305e-17 	 3 3 5 2
      3.94809470688384933455e-17 	 3 3 5 3
     -1.17852358834310987304e-23 	 3 3 5 4
      1.98235050372038784782e-07 	 3 3 5 5
     -1.92628913366488235944e-04 	 3 3 6 1
     -3.42259336423133674748e-03 	 3 3 6 2
      2.82372143809697878983e-03 	 3 3 6 3
      1.63569859035772210887e-17 	 3 3 6 4
      7.20157421790373464416e-17 	 3 3 6 5
      5.15226714441416322465e-03 	 3 3 6 6
      1.31968340481052094233e-16 	 4 1 1 1
      6.01658000064573403218e-18 	 4 1 2 1
      2.48986318195418163031e-16 	 4 1 2 2
      1.20632149254540182858e-17 	 4 1 3 1
      2.72098411922694026295e-17 	 4 1 3 2
      1.45760810802558217527e-18 	 4 1 3 3
     -3.63929148273160318200e-03 	 4 1 4 1
      6.11564939346653183710e-03 	 4 1 4 2
      2.86740952660996485310e-04 	 4 1 4 3
      1.01575990956973830567e-17 	 4 1 4 4
      5.26457925097555425903e-20 	 4 1 5 1
     -2.97087929362609243417e-19 	 4 1 5 2
     -9.26738574389191812748e-21 	 4 1 5 3
     -1.23257294209796872450e-18 	 4 1 5 4
      7.85685746756316731244e-19 	 4 1 5 5
      2.39806726048049299997e-18 	 4 1 6 1
      3.73166555519912127502e-17 	 4 1 6 2
      2.39053767359833076884e-18 	 4 1 6 3
      4.34485473900746483234e-05 	 4 1 6 4
     -1.79446678685791336767e-21 	 4 1 6 5
      1.93981674786407145155e-18 	 4 1 6 6
      6.12960154595171390899e-15 	 4 2 1 1
     -1.40461189966704844916e-16 	 4 2 2 1
      3.16898601433410927159e-15 	 4 2 2 2
      2.00481073432928049071e-17 	 4 2 3 1
     -3.19345876700820207627e-16 	 4 2 3 2
     -1.07769433570711331893e-17 	 4 2 3 3
      6.11564939346653183710e-03 	 4 2 4 1
     -5.84932010032919308395e-02 	 4 2 4 2
     -1.99713054769243281150e-03 	 4 2 4 3
     -9.42404913948751328262e-17 	 4 2 4 4
     -1.70844975015182363282e-19 	 4 2 5 1
      2.81831386546655955450e-18 	 4 2 5 2
      9.60807609612872873933e-20 	 4 2 5 3
     -1.62421970698789106597e-19 	 4 2 5 4
      9.78310599117968653769e-20 	 4 2 5 5
     -2.41968922567940959389e-17 	 4 2 6 1
     -6.32931018546669746733e-16 	 4 2 6 2
     -2.15381975115940138918e-17 	 4 2 6 3
      4.70310804307535753021e-06 	 4 2 6 4
     -8.80861178461070356445e-23 	 4 2 6 5
      1.52654410180687131240e-18 	 4 2 6 6
      3.17888958351116787065e-16 	 4 3 1 1
     -8.45423827942589651911e-20 	 4 3 2 1
      1.07919732836637502057e-16 	 4 3 2 2
     -2.95997496775343485330e-19 	 4 3 3 1
     -1.09316264780353234832e-17 	 4 3 3 2
      8.95030436340234573366e-18 	 4 3 3 3
      2.86740952660996485310e-04 	 4 3 4 1
     -1.99713054769243237782e-03 	 4 3 4 2
      1.66353812123144306594e-03 	 4 3 4 3
      9.65214678720772425134e-18 	 4 3 4 4
     -8.71853847300971024464e-21 	 4 3 5 1
      9.60706357099136789632e-20 	 4 3 5 2
     -7.96233548273331490751e-20 	 4 3 5 3
      2.93474459590198106590e-22 	 4 3 5 4
     -6.91633663837462104475e-22 	 4 3 5 5
     -1.47473359538618443308e-18 	 4 3 6 1
     -2.16063733677194822998e-17 	 4 3 6 2
      1.78027404080416040354e-17 	 4 3 6 3
     -1.45811788205186856840e-07 	 4 3 6 4
      2.77364146684584498664e-23 	 4 3 6 5
      3.24678470013527262745e-17 	 4 3 6 6
      3.53257716551238359903e-03 	 4 4 1 1
      3.87458853863350118161e-04 	 4 4 2 1
      5.10841240702013859513e-05 	 4 4 2 2
     -4.46875777014261939572e-06 	 4 4 3 1
     -3.82522675843684866689e-08 	 4 4 3 2
      1.98235050372038493614e-07 	 4 4 3 3
      1.01575990956974107901e-17 	 4 4 4 1
     -9.42404913948755888864e-17 	 4 4 4 2
      9.65214678720771500688e-18 	 4 4 4 3
      1.79314053045529029490e-03 	 4 4 4 4
      2.46514588419593552306e-18 	 4 4 5 1
      3.24843941397588950254e-19 	 4 4 5 2
     -5.86948919181634996147e-22 	 4 4 5 3
     -8.57151140003481844161e-20 	 4 4 5 4
      3.47259337401597144683e-08 	 4 4 5 5
     -8.68970947801492966467e-05 	 4 4 6 1
     -9.40621608615071506043e-06 	 4 4 6 2
      2.91623576410373713679e-07 	 4 4 6 3
      1.89283496395334651435e-17 	 4 4 6 4
     -6.20069197683022982404e-20 	 4 4 6 5
      2.38681034388376590389e-06 	 4 4 6 6
      6.23765318228016745281e-18 	 5 1 1 1
     -7.50124428383403484298e-18 	 5 1 2 1
      2.66484065374134245865e-17 	 5 1 2 2
      2.18997537917932778207e-17 	 5 1 3 1
      8.70599836996413943053e-17 	 5 1 3 2
      1.81447543948481313964e-18 	 5 1 3 3
      5.26457925097555425903e-20 	 5 1 4 1
     -1.70844975015182315134e-19 	 5 1 4 2
     -8.71853847300971174927e-21 	 5 1 4 3
      2.46514588419593552306e-18 	 5 1 4 4
     -3.63929148273160404936e-03 	 5 1 5 1
      6.11564939346653443919e-03 	 5 1 5 2
      2.86740952660996647940e-04 	 5 1 5 3
      9.76475622231922907256e-18 	 5 1 5 4
     -1.41449314996676416590e-17 	 5 1 5 5
      1.21880175958626099519e-17 	 5 1 6 1
      1.82746471073935249611e-16 	 5 1 6 2
      4.09224791423183006935e-18 	 5 1 6 3
     -3.21860816847005382241e-21 	 5 1 6 4
      4.34485473900748041774e-05 	 5 1 6 5
     -4.16385230663637312882e-18 	 5 1 6 6
     -1.02649570360950509543e-14 	 5 2 1 1
      6.54447304180699812427e-18 	 5 2 2 1
     -5.24811042140717079259e-15 	 5 2 2 2
      9.59645585181512190698e-17 	 5 2 3 1
     -1.40515557136253036518e-15 	 5 2 3 2
     -4.74392535344960371934e-17 	 5 2 3 3
     -2.97087929362609291565e-19 	 5 2 4 1
      2.81831386546655955450e-18 	 5 2 4 2
      9.60706357099136910003e-20 	 5 2 4 3
      3.24843941397588950254e-19 	 5 2 4 4
      6.11564939346653357183e-03 	 5 2 5 1
     -5.84932010032920557396e-02 	 5 2 5 2
     -1.99713054769243671463e-03 	 5 2 5 3
     -9.42894069248312173639e-17 	 5 2 5 4
      1.56652471045092630643e-16 	 5 2 5 5
     -1.26875241683365788669e-16 	 5 2 6 1
     -2.96012630863430597061e-15 	 5 2 6 2
     -1.00766391645578632230e-16 	 5 2 6 3
     -3.49665107308348788631e-22 	 5 2 6 4
      4.70310804307536600054e-06 	 5 2 6 5
      7.07035339420586642839e-18 	 5 2 6 6
      1.09590675700446729505e-16 	 5 3 1 1
      1.66938370878268753060e-17 	 5 3 2 1
     -1.78185571516204120960e-16 	 5 3 2 2
      1.09919784578959018041e-18 	 5 3 3 1
     -4.80395924467253876524e-17 	 5 3 3 2
      3.94809470688385241603e-17 	 5 3 3 3
     -9.26738574389192113675e-21 	 5 3 4 1
      9.60807609612872753563e-20 	 5 3 4 2
     -7.96233548273331490751e-20 	 5 3 4 3
     -5.86948919181634996147e-22 	 5 3 4 4
      2.86740952660996702150e-04 	 5 3 5 1
     -1.99713054769243628095e-03 	 5 3 5 2
      1.66353812123144653538e-03 	 5 3 5 3
      9.65249260403965991252e-18 	 5 3 5 4
      4.24342416463038745563e-17 	 5 3 5 5
     -3.11714088277219509738e-18 	 5 3 6 1
     -1.00929757912390906854e-16 	 5 3 6 2
      8.32451925981658260295e-17 	 5 3 6 3
     -4.46869568560084674390e-24 	 5 3 6 4
     -1.45811788205186353914e-07 	 5 3 6 5
      1.51805723039188624363e-16 	 5 3 6 6
     -3.39501571440375487804e-19 	 5 4 1 1
     -3.27537795916293912399e-20 	 5 4 2 1
     -3.29901697845210460575e-21 	 5 4 2 2
      8.63922096948508132461e-22 	 5 4 3 1
      8.36762276621763334877e-23 	 5 4 3 2
     -1.17852358834311046079e-23 	 5 4 3 3
     -1.23257294209796968746e-18 	 5 4 4 1
     -1.62421970698989740349e-19 	 5 4 4 2
      2.93474459625278760660e-22 	 5 4 4 3
     -8.57151140003481723791e-20 	 5 4 4 4
      9.76475622231922599107e-18 	 5 4 5 1
     -9.42894069248312296898e-17 	 5 4 5 2
      9.65249260403966453475e-18 	 5 4 5 3
      1.79312316748842350347e-03 	 5 4 5 4
     -8.57151140003483408980e-20 	 5 4 5 5
      5.01307495526979846339e-21 	 5 4 6 1
      4.37751213750145436069e-22 	 5 4 6 2
     -2.32677174574400720972e-23 	 5 4 6 3
      8.85546997376686901179e-17 	 5 4 6 4
      9.95886450559069151524e-21 	 5 4 6 5
     -4.80824192824280958081e-23 	 5 4 6 6
      3.53257716551239747682e-03 	 5 5 1 1
      3.87458853863350985523e-04 	 5 5 2 1
      5.10841240702014333852e-05 	 5 5 2 2
     -4.46875777014256687968e-06 	 5 5 3 1
     -3.82522675843625177336e-08 	 5 5 3 2
      1.98235050372038758312e-07 	 5 5 3 3
      7.85685746756317020134e-19 	 5 5 4 1
      9.78310599117968774140e-20 	 5 5 4 2
     -6.91633663837461916396e-22 	 5 5 4 3
      3.47259337401597144683e-08 	 5 5 4 4
     -1.41449314996676447405e-17 	 5 5 5 1
      1.56652471045092901814e-16 	 5 5 5 2
      4.24342416463038499044e-17 	 5 5 5 3
     -8.57151140003483529350e-20 	 5 5 5 4
      1.79314053045529745063e-03 	 5 5 5 5
     -8.68970947801495948023e-05 	 5 5 6 1
     -9.40621608615073369515e-06 	 5 5 6 2
      2.91623576410372707828e-07 	 5 5 6 3
     -1.99177290111934923150e-20 	 5 5 6 4
      8.85236962777847231960e-17 	 5 5 6 5
      2.38681034388377268015e-06 	 5 5 6 6
     -1.17361830651874850424e-03 	 6 1 1 1
     -1.17387811518919859123e-05 	 6 1 2 1
     -1.94205184188375365971e-03 	 6 1 2 2
      4.35716308596609095977e-04 	 6 1 3 1
     -3.43683389678813532020e-03 	 6 1 3 2
     -1.92628913366488235944e-04 	 6 1 3 3
      2.39806726048049184441e-18 	 6 1 4 1
     -2.41968922567940928574e-17 	 6 1 4 2
     -1.47473359538618424048e-18 	 6 1 4 3
     -8.68970947801492966467e-05 	 6 1 4 4
      1.21880175958626084111e-17 	 6 1 5 1
     -1.26875241683365788669e-16 	 6 1 5 2
     -3.11714088277219509738e-18 	 6 1 5 3
      5.01307495526979921571e-21 	 6 1 5 4
     -8.68970947801496083548e-05 	 6 1 5 5
     -1.24548920687058968342e-03 	 6 1 6 1
      1.13810406006111626206e-03 	 6 1 6 2
      1.88923676528809088933e-05 	 6 1 6 3
      1.43369575029484088520e-18 	 6 1 6 4
     -2.81734124762508601194e-18 	 6 1 6 5
     -3.72724056069922120163e-05 	 6 1 6 6
     -1.52353440962457783309e-02 	 6 2 1 1
      9.08351478844194172406e-04 	 6 2 2 1
     -4.67375732960246658559e-03 	 6 2 2 2
      3.65951301595801277780e-03 	 6 2 3 1
     -1.00412926513971476061e-01 	 6 2 3 2
     -3.42259336423133631380e-03 	 6 2 3 3
      3.73166555519912189132e-17 	 6 2 4 1
     -6.32931018546669648126e-16 	 6 2 4 2
     -2.16063733677194822998e-17 	 6 2 4 3
     -9.40621608615071506043e-06 	 6 2 4 4
      1.82746471073935249611e-16 	 6 2 5 1
     -2.96012630863430557618e-15 	 6 2 5 2
     -1.00929757912390931506e-16 	 6 2 5 3
      4.37751213750145624148e-22 	 6 2 5 4
     -9.40621608615073030702e-06 	 6 2 5 5
      1.13810406006111604522e-03 	 6 2 6 1
     -2.01372522639951867518e-01 	 6 2 6 2
     -6.85818020951333220947e-03 	 6 2 6 3
     -3.25624621608639695353e-16 	 6 2 6 4
      5.39429045808238627998e-16 	 6 2 6 5
      4.78321025809403201946e-04 	 6 2 6 6
      2.59725246057847837522e-02 	 6 3 1 1
      1.50981881910235089849e-04 	 6 3 2 1
     -1.61961851378865129584e-04 	 6 3 2 2
      2.15642138475395124661e-04 	 6 3 3 1
     -3.41856921493617583671e-03 	 6 3 3 2
      2.82372143809697748879e-03 	 6 3 3 3
      2.39053767359833038366e-18 	 6 3 4 1
     -2.15381975115940108103e-17 	 6 3 4 2
      1.78027404080416071169e-17 	 6 3 4 3
      2.91623576410373766619e-07 	 6 3 4 4
      4.09224791423183006935e-18 	 6 3 5 1
     -1.00766391645578619904e-16 	 6 3 5 2
      8.32451925981658260295e-17 	 6 3 5 3
     -2.32677174574400632810e-23 	 6 3 5 4
      2.91623576410372654888e-07 	 6 3 5 5
      1.88923676528809122814e-05 	 6 3 6 1
     -6.85818020951333047475e-03 	 6 3 6 2
      5.67040832325912264045e-03 	 6 3 6 3
      3.28414986256156317734e-17 	 6 3 6 4
      1.44517007975289608401e-16 	 6 3 6 5
      1.03202794768538635983e-02 	 6 3 6 6
      1.85462685807101114628e-16 	 6 4 1 1
      2.54916387830084824635e-18 	 6 4 2 1
     -7.63414650356268045444e-18 	 6 4 2 2
      6.05121194851100261645e-18 	 6 4 3 1
     -1.62634355302147701170e-16 	 6 4 3 2
      1.63569859035772210887e-17 	 6 4 3 3
      4.34485473900745873370e-05 	 6 4 4 1
      4.70310804307502041110e-06 	 6 4 4 2
     -1.45811788204943467216e-07 	 6 4 4 3
      1.89283496395334867139e-17 	 6 4 4 4
     -3.21860816847005382241e-21 	 6 4 5 1
     -3.49665107308348788631e-22 	 6 4 5 2
     -4.46869568560084600922e-24 	 6 4 5 3
      8.85546997376686777919e-17 	 6 4 5 4
     -1.99177290111934953243e-20 	 6 4 5 5
      1.43369575029484107779e-18 	 6 4 6 1
     -3.25624621608639596745e-16 	 6 4 6 2
      3.28414986256156379364e-17 	 6 4 6 3
      6.02070253101609585006e-03 	 6 4 6 4
     -2.89948616485488649819e-19 	 6 4 6 5
      6.50443837130932336437e-17 	 6 4 6 6
      9.54445401496351989464e-16 	 6 5 1 1
      2.84518609941673135857e-18 	 6 5 2 1
      1.26920412843511178264e-17 	 6 5 2 2
     -8.46465651016810869567e-18 	 6 5 3 1
      2.68879455534460601990e-16 	 6 5 3 2
      7.20157421790373094638e-17 	 6 5 3 3
     -1.79446678685791336767e-21 	 6 5 4 1
     -8.80861178461070356445e-23 	 6 5 4 2
      2.77364146684584322340e-23 	 6 5 4 3
     -6.20069197683022862033e-20 	 6 5 4 4
      4.34485473900747635198e-05 	 6 5 5 1
      4.70310804307502295220e-06 	 6 5 5 2
     -1.45811788204943043700e-07 	 6 5 5 3
      9.95886450561104618734e-21 	 6 5 5 4
      8.85236962777847601739e-17 	 6 5 5 5
     -2.81734124762508524157e-18 	 6 5 6 1
      5.39429045808238627998e-16 	 6 5 6 2
      1.44517007975289608401e-16 	 6 5 6 3
     -2.89948616485488697967e-19 	 6 5 6 4
      6.02070253101610799312e-03 	 6 5 6 5
      3.04227091603916130726e-16 	 6 5 6 6
      5.17157059358652054781e-02 	 6 6 1 1
      2.39038622402422580582e-04 	 6 6 2 1
      1.93356162137364674582e-05 	 6 6 2 2
      1.68965044720615427572e-04 	 6 6 3 1
      2.40574909442259799071e-04 	 6 6 3 2
      5.15226714441416322465e-03 	 6 6 3 3
      1.93981674786407029599e-18 	 6 6 4 1
      1.52654410180687131240e-18 	 6 6 4 2
      3.24678470013527201115e-17 	 6 6 4 3
      2.38681034388376632740e-06 	 6 6 4 4
     -4.16385230663637312882e-18 	 6 6 5 1
      7.07035339420586334690e-18 	 6 6 5 2
      1.51805723039188624363e-16 	 6 6 5 3
     -4.80824192824281016855e-23 	 6 6 5 4
      2.38681034388377310367e-06 	 6 6 5 5
     -3.72724056069921374774e-05 	 6 6 6 1
      4.78321025809404015098e-04 	 6 6 6 2
      1.03202794768538653331e-02 	 6 6 6 3
      6.50443837130931966659e-17 	 6 6 6 4
      3.04227091603916180030e-16 	 6 6 6 5
      2.06992007171482618466e-02 	 6 6 6 6
 # Printing electron repulsion integrals in spatial MO basis
      1.65746225568124616601e+00 	 1 1 1 1
      1.23210600872631831360e-01 	 1 1 2 1
      3.93597799685008020720e-01 	 1 1 2 2
      1.36465241834231171270e-01 	 1 1 3 1
      9.55749466986752227449e-03 	 1 1 3 2
      3.96123829133834259864e-01 	 1 1 3 3
      9.91108850000387632717e-18 	 1 1 4 1
     -1.00946005430001926771e-16 	 1 1 4 2
     -1.61524400520840932227e-16 	 1 1 4 3
      3.96290895985614344266e-01 	 1 1 4 4
      8.68303280104408062690e-17 	 1 1 5 1
      3.39267463536998744350e-17 	 1 1 5 2
      1.18637898629946340025e-16 	 1 1 5 3
     -1.56976476925727115873e-17 	 1 1 5 4
      3.96290895985614455288e-01 	 1 1 5 5
      3.02122452903162454219e-02 	 1 1 6 1
      1.28575557310923217769e-02 	 1 1 6 2
     -1.74475961074685194385e-02 	 1 1 6 3
      2.14819694806508278434e-17 	 1 1 6 4
     -3.63826244618498581306e-17 	 1 1 6 5
      3.61297642622270931412e-01 	 1 1 6 6
      1.23210600872631720337e-01 	 2 1 1 1
      1.65046353809819822123e-02 	 2 1 2 1
     -8.48907100586242420459e-03 	 2 1 2 2
      1.19454104393018449570e-02 	 2 1 3 1
      4.04999454638206319440e-03 	 2 1 3 2
      1.24140866418001871718e-02 	 2 1 3 3
     -6.95154556517519387385e-18 	 2 1 4 1
      1.38023746123426055310e-18 	 2 1 4 2
     -1.73310637962805839731e-18 	 2 1 4 3
      4.85870261144428182420e-03 	 2 1 4 4
      1.15167416052414344447e-17 	 2 1 5 1
      2.86613490259879086963e-18 	 2 1 5 2
      1.02121282656375206152e-17 	 2 1 5 3
     -4.63131381557155984648e-20 	 2 1 5 4
      4.85870261144428442629e-03 	 2 1 5 5
      6.80153168030694140617e-03 	 2 1 6 1
      7.01752834864105990570e-03 	 2 1 6 2
     -5.04808154042391248745e-03 	 2 1 6 3
      6.89490358164469706992e-18 	 2 1 6 4
     -8.53850569034726851714e-18 	 2 1 6 5
     -5.73465597978832161696e-03 	 2 1 6 6
      3.93597799685007965209e-01 	 2 2 1 1
     -8.48907100586242073514e-03 	 2 2 2 1
      5.01300613191808186464e-01 	 2 2 2 2
      1.84733071175995702817e-02 	 2 2 3 1
     -4.53744406699541080741e-02 	 2 2 3 2
      2.29966383150381342704e-01 	 2 2 3 3
      3.88553291075843939117e-17 	 2 2 4 1
     -5.30511271705512935186e-17 	 2 2 4 2
     -9.82182228918709525703e-17 	 2 2 4 3
      2.80184407088635178962e-01 	 2 2 4 4
     -1.13953585361972844693e-17 	 2 2 5 1
     -3.37081596585752395183e-17 	 2 2 5 2
      1.50159023401018479597e-17 	 2 2 5 3
     -6.17922540954159357274e-18 	 2 2 5 4
      2.80184407088635178962e-01 	 2 2 5 5
     -4.72094232823592075549e-03 	 2 2 6 1
     -1.38201208927496405066e-01 	 2 2 6 2
      5.06508683307977589094e-02 	 2 2 6 3
     -4.01921175724352178542e-17 	 2 2 6 4
      5.62249248159241200297e-17 	 2 2 6 5
      4.59867061580073066551e-01 	 2 2 6 6
      1.36465241834231032492e-01 	 3 1 1 1
      1.19454104393018501612e-02 	 3 1 2 1
      1.84733071175995564039e-02 	 3 1 2 2
      2.13176010873082737163e-02 	 3 1 3 1
     -2.89467541642574391347e-04 	 3 1 3 2
     -2.18767169704167305233e-03 	 3 1 3 3
     -7.72611737780628623778e-18 	 3 1 4 1
     -4.59857782302742589613e-19 	 3 1 4 2
      5.26016477617520815238e-18 	 3 1 4 3
      4.89215942895839927401e-03 	 3 1 4 4
      1.31087687209552108995e-17 	 3 1 5 1
      6.97850551723563846425e-18 	 3 1 5 2
     -9.34892180656789179308e-19 	 3 1 5 3
      2.91014129948305356121e-19 	 3 1 5 4
      4.89215942895840100874e-03 	 3 1 5 5
     -1.55146825508030363362e-04 	 3 1 6 1
     -2.35757064896312262814e-03 	 3 1 6 2
      4.61847460150586596600e-03 	 3 1 6 3
     -2.19519221504177613287e-18 	 3 1 6 4
      1.16007968768070335391e-17 	 3 1 6 5
      1.14767608660228306178e-02 	 3 1 6 6
      9.55749466986747196751e-03 	 3 2 1 1
      4.04999454638207620483e-03 	 3 2 2 1
     -4.53744406699541635852e-02 	 3 2 2 2
     -2.89467541642566856142e-04 	 3 2 3 1
      1.13600221043212278732e-02 	 3 2 3 2
      4.82589208589973180097e-03 	 3 2 3 3
      7.80662657492181476926e-19 	 3 2 4 1
     -6.32472053320304836779e-18 	 3 2 4 2
     -5.33252262127753011698e-18 	 3 2 4 3
      3.79520207156540693647e-03 	 3 2 4 4
      6.99327701408568312619e-18 	 3 2 5 1
     -1.22487224779253984643e-17 	 3 2 5 2
     -1.62637714957288102074e-17 	 3 2 5 3
     -1.32082167971148060143e-18 	 3 2 5 4
      3.79520207156541083959e-03 	 3 2 5 5
      6.32359066482847528498e-04 	 3 2 6 1
      3.25365472264424679394e-02 	 3 2 6 2
     -7.59059541046307965223e-03 	 3 2 6 3
      8.20963146167705465084e-18 	 3 2 6 4
     -2.94548620718837039131e-17 	 3 2 6 5
     -4.09605385814157743618e-02 	 3 2 6 6
      3.96123829133834093330e-01 	 3 3 1 1
      1.24140866418001732940e-02 	 3 3 2 1
      2.29966383150381342704e-01 	 3 3 2 2
     -2.18767169704169430269e-03 	 3 3 3 1
      4.82589208589970924956e-03 	 3 3 3 2
      3.39485047892402524994e-01 	 3 3 3 3
      4.12242638862708008726e-17 	 3 3 4 1
     -6.14849624562884619528e-17 	 3 3 4 2
     -1.33512095597749580467e-16 	 3 3 4 3
      2.82400436402673149505e-01 	 3 3 4 4
     -1.74541683508978115775e-17 	 3 3 5 1
     -1.88071850971291298605e-17 	 3 3 5 2
      7.89703191235845651834e-17 	 3 3 5 3
     -2.80757120542110332288e-18 	 3 3 5 4
      2.82400436402673260528e-01 	 3 3 5 5
      8.42382581384419105996e-03 	 3 3 6 1
      5.85076657040753921046e-03 	 3 3 6 2
     -3.61491661734688191077e-02 	 3 3 6 3
      3.41951181707320329106e-17 	 3 3 6 4
     -8.92452240553724373478e-17 	 3 3 6 5
      2.42456360775046564360e-01 	 3 3 6 6
      9.91108850000396106809e-18 	 4 1 1 1
     -6.95154556517519387385e-18 	 4 1 2 1
      3.88553291075843877487e-17 	 4 1 2 2
     -7.72611737780629240076e-18 	 4 1 3 1
      7.80662657492190528797e-19 	 4 1 3 2
      4.12242638862707885466e-17 	 4 1 3 3
      9.82169265421298752494e-03 	 4 1 4 1
     -7.68005245541498234724e-03 	 4 1 4 2
     -1.02342040093874406953e-02 	 4 1 4 3
      6.07183889562745767080e-17 	 4 1 4 4
     -3.38889915482014281659e-19 	 4 1 5 1
      2.26724275517539292703e-19 	 4 1 5 2
      3.28556654595700761373e-19 	 4 1 5 3
     -1.59800818553638811838e-17 	 4 1 5 4
      4.17104069067679200073e-17 	 4 1 5 5
      4.65735691695701903277e-19 	 4 1 6 1
      8.47505978137366137386e-19 	 4 1 6 2
     -4.38250234152641213752e-18 	 4 1 6 3
     -5.78296427310776538222e-03 	 4 1 6 4
     -2.62376714763361462231e-19 	 4 1 6 5
      3.52023136372553585761e-17 	 4 1 6 6
     -1.00946005430001877467e-16 	 4 2 1 1
      1.38023746123425939754e-18 	 4 2 2 1
     -5.30511271705512503778e-17 	 4 2 2 2
     -4.59857782302735367376e-19 	 4 2 3 1
     -6.32472053320305376040e-18 	 4 2 3 2
     -6.14849624562884742788e-17 	 4 2 3 3
     -7.68005245541498408196e-03 	 4 2 4 1
      2.45777918047197681262e-02 	 4 2 4 2
      1.91833844264976925709e-02 	 4 2 4 3
     -1.07812515514709503538e-16 	 4 2 4 4
      2.08913301577768465169e-19 	 4 2 5 1
     -4.57052142541283679911e-19 	 4 2 5 2
      2.58414829283585062246e-19 	 4 2 5 3
      2.82181835879698309403e-17 	 4 2 5 4
     -7.06173696872162388288e-17 	 4 2 5 5
      1.41133898749876175055e-18 	 4 2 6 1
     -1.98583158952250876876e-17 	 4 2 6 2
      8.88566613443413798229e-18 	 4 2 6 3
      1.93081871255284288902e-02 	 4 2 6 4
      3.81677445368104925296e-19 	 4 2 6 5
     -3.42615902479229385652e-17 	 4 2 6 6
     -1.61524400520840833619e-16 	 4 3 1 1
     -1.73310637962804915285e-18 	 4 3 2 1
     -9.82182228918709525703e-17 	 4 3 2 2
      5.26016477617521431535e-18 	 4 3 3 1
     -5.33252262127754398367e-18 	 4 3 3 2
     -1.33512095597749629771e-16 	 4 3 3 3
     -1.02342040093874424300e-02 	 4 3 4 1
      1.91833844264976856320e-02 	 4 3 4 2
      4.13964603147416246309e-02 	 4 3 4 3
     -1.68161468575653443995e-16 	 4 3 4 4
      3.33907901135114485992e-19 	 4 3 5 1
      2.02795941546403201145e-19 	 4 3 5 2
     -4.95459139487525187913e-19 	 4 3 5 3
      4.04571412438981721818e-17 	 4 3 5 4
     -1.18454189369407362727e-16 	 4 3 5 5
     -4.22813976319208404501e-18 	 4 3 6 1
      6.66781500767946814338e-19 	 4 3 6 2
      2.48476879626075897936e-17 	 4 3 6 3
      1.39048051954511354272e-02 	 4 3 6 4
      7.46812081311561686829e-19 	 4 3 6 5
     -9.51389440506364653954e-17 	 4 3 6 6
      3.96290895985614344266e-01 	 4 4 1 1
      4.85870261144426621169e-03 	 4 4 2 1
      2.80184407088635123451e-01 	 4 4 2 2
      4.89215942895836457954e-03 	 4 4 3 1
      3.79520207156542385002e-03 	 4 4 3 2
      2.82400436402673205016e-01 	 4 4 3 3
      6.07183889562746013599e-17 	 4 4 4 1
     -1.07812515514709515864e-16 	 4 4 4 2
     -1.68161468575653468647e-16 	 4 4 4 3
      3.12945511159409162083e-01 	 4 4 4 4
     -2.97006617884831949048e-17 	 4 4 5 1
      2.33559002645050837441e-17 	 4 4 5 2
      9.15402805512634980467e-17 	 4 4 5 3
     -3.65286044209915066308e-17 	 4 4 5 4
      2.79207232132027027838e-01 	 4 4 5 5
     -3.14169933289844705709e-04 	 4 4 6 1
      4.98280190007770792254e-03 	 4 4 6 2
     -6.76708564106037854975e-04 	 4 4 6 3
     -1.24152919915598290368e-17 	 4 4 6 4
     -9.20764075837194656193e-18 	 4 4 6 5
      2.70127820906396087786e-01 	 4 4 6 6
      8.68303280104407076614e-17 	 5 1 1 1
      1.15167416052414359855e-17 	 5 1 2 1
     -1.13953585361972952545e-17 	 5 1 2 2
      1.31087687209552062772e-17 	 5 1 3 1
      6.99327701408566463726e-18 	 5 1 3 2
     -1.74541683508977930886e-17 	 5 1 3 3
     -4.23213503564745666845e-19 	 5 1 4 1
      1.57911591842104093698e-19 	 5 1 4 2
      1.10977356769314915865e-19 	 5 1 4 3
     -2.97006617884831394380e-17 	 5 1 4 4
      9.82169265421298752494e-03 	 5 1 5 1
     -7.68005245541498668405e-03 	 5 1 5 2
     -1.02342040093874458995e-02 	 5 1 5 3
      9.50399102475332989111e-18 	 5 1 5 4
     -6.16608254992109018057e-17 	 5 1 5 5
     -1.36389726559481377401e-18 	 5 1 6 1
     -4.19148058119807455368e-18 	 5 1 6 2
      1.37467775283586059506e-17 	 5 1 6 3
      2.52537165884668808829e-19 	 5 1 6 4
     -5.78296427310776798431e-03 	 5 1 6 5
     -1.83500661544818702728e-17 	 5 1 6 6
      3.39267463536998128053e-17 	 5 2 1 1
      2.86613490259880974375e-18 	 5 2 2 1
     -3.37081596585752580073e-17 	 5 2 2 2
      6.97850551723565541243e-18 	 5 2 3 1
     -1.22487224779253969236e-17 	 5 2 3 2
     -1.88071850971291668384e-17 	 5 2 3 3
      1.54940085233446510244e-19 	 5 2 4 1
     -7.32438134135975252761e-19 	 5 2 4 2
     -1.65175255506097660953e-19 	 5 2 4 3
      2.33559002645050868256e-17 	 5 2 4 4
     -7.68005245541498581668e-03 	 5 2 5 1
      2.45777918047197750651e-02 	 5 2 5 2
      1.91833844264976960403e-02 	 5 2 5 3
     -1.85975729137466323545e-17 	 5 2 5 4
      7.97922674404447209728e-17 	 5 2 5 5
     -6.86019065701711955153e-19 	 5 2 6 1
      3.94207381943676372281e-17 	 5 2 6 2
     -2.95809021607875202592e-17 	 5 2 6 3
     -3.08047418665367741884e-19 	 5 2 6 4
      1.93081871255284323596e-02 	 5 2 6 5
     -3.11629878571009649130e-17 	 5 2 6 6
      1.18637898629946290721e-16 	 5 3 1 1
      1.02121282656375329412e-17 	 5 3 2 1
      1.50159023401018695301e-17 	 5 3 2 2
     -9.34892180656773001496e-19 	 5 3 3 1
     -1.62637714957288379408e-17 	 5 3 3 2
      7.89703191235845405315e-17 	 5 3 3 3
      1.11870135822835692449e-19 	 5 3 4 1
     -1.74454472523380842139e-19 	 5 3 4 2
     -1.04805859168787789461e-18 	 5 3 4 3
      9.15402805512634240909e-17 	 5 3 4 4
     -1.02342040093874458995e-02 	 5 3 5 1
      1.91833844264976925709e-02 	 5 3 5 2
      4.13964603147416315698e-02 	 5 3 5 3
     -2.48536396031230837747e-17 	 5 3 5 4
      1.72454563039059731477e-16 	 5 3 5 5
      1.15272173774696727223e-17 	 5 3 6 1
      4.87258050772845648461e-18 	 5 3 6 2
     -6.66255535136297211331e-17 	 5 3 6 3
      8.01933644796764474693e-19 	 5 3 6 4
      1.39048051954511423661e-02 	 5 3 6 5
      4.25353617784184899028e-17 	 5 3 6 6
     -2.49391079794537564211e-17 	 5 4 1 1
     -2.06386557769644296164e-18 	 5 4 2 1
     -1.04638060143999762511e-17 	 5 4 2 2
     -4.86963215986791373478e-18 	 5 4 3 1
      2.60415545069596215602e-19 	 5 4 3 2
     -6.48232406438529982703e-18 	 5 4 3 3
     -1.59800818553638781024e-17 	 5 4 4 1
      2.82181835879698371033e-17 	 5 4 4 2
      4.04571412438981906707e-17 	 5 4 4 3
     -2.30269236342776988889e-17 	 5 4 4 4
      9.50399102475332372814e-18 	 5 4 5 1
     -1.85975729137466354359e-17 	 5 4 5 2
     -2.48536396031231299970e-17 	 5 4 5 3
      1.68691395136910567143e-02 	 5 4 5 4
      2.38117805113218081527e-17 	 5 4 5 5
     -1.16303042801177936700e-18 	 5 4 6 1
     -2.93257811526669575508e-18 	 5 4 6 2
     -1.85096499802432574621e-18 	 5 4 6 3
      1.97946984022581923793e-17 	 5 4 6 4
     -9.76076821393652902800e-18 	 5 4 6 5
     -1.38950114549005248681e-17 	 5 4 6 6
      3.96290895985614399777e-01 	 5 5 1 1
      4.85870261144426534433e-03 	 5 5 2 1
      2.80184407088635178962e-01 	 5 5 2 2
      4.89215942895835677329e-03 	 5 5 3 1
      3.79520207156544163093e-03 	 5 5 3 2
      2.82400436402673260528e-01 	 5 5 3 3
      4.17104069067679569851e-17 	 5 5 4 1
     -7.06173696872162388288e-17 	 5 5 4 2
     -1.18454189369407338075e-16 	 5 5 4 3
      2.79207232132027083349e-01 	 5 5 4 4
     -6.16608254992109634354e-17 	 5 5 5 1
      7.97922674404447332988e-17 	 5 5 5 2
      1.72454563039059608217e-16 	 5 5 5 3
      1.78241455606189245544e-17 	 5 5 5 4
      3.12945511159409384128e-01 	 5 5 5 5
     -3.14169933289848663047e-04 	 5 5 6 1
      4.98280190007767236071e-03 	 5 5 6 2
     -6.76708564106039481278e-04 	 5 5 6 3
      7.10624443631323210072e-18 	 5 5 6 4
      3.03817560461444489820e-17 	 5 5 6 5
      2.70127820906396032274e-01 	 5 5 6 6
      3.02122452903161829718e-02 	 6 1 1 1
      6.80153168030694140617e-03 	 6 1 2 1
     -4.72094232823592335757e-03 	 6 1 2 2
     -1.55146825508029360475e-04 	 6 1 3 1
      6.32359066482842758009e-04 	 6 1 3 2
      8.42382581384419973358e-03 	 6 1 3 3
      4.65735691695704310689e-19 	 6 1 4 1
      1.41133898749875712832e-18 	 6 1 4 2
     -4.22813976319208866724e-18 	 6 1 4 3
     -3.14169933289808655987e-04 	 6 1 4 4
     -1.36389726559480780363e-18 	 6 1 5 1
     -6.86019065701715518124e-19 	 6 1 5 2
      1.15272173774696588556e-17 	 6 1 5 3
      1.22258750613930747104e-20 	 6 1 5 4
     -3.14169933289809089668e-04 	 6 1 5 5
      5.68985423212458544390e-03 	 6 1 6 1
     -1.07806739858019927196e-03 	 6 1 6 2
     -3.89623595029589715744e-03 	 6 1 6 3
      3.51359115274410652276e-18 	 6 1 6 4
     -6.88334258565539940639e-18 	 6 1 6 5
     -8.11332078306903825213e-04 	 6 1 6 6
      1.28575557310921465698e-02 	 6 2 1 1
      7.01752834864104516055e-03 	 6 2 2 1
     -1.38201208927496516088e-01 	 6 2 2 2
     -2.35757064896315992469e-03 	 6 2 3 1
      3.25365472264424263060e-02 	 6 2 3 2
      5.85076657040747329097e-03 	 6 2 3 3
      8.47505978137378270745e-19 	 6 2 4 1
     -1.98583158952250322208e-17 	 6 2 4 2
      6.66781500767988125535e-19 	 6 2 4 3
      4.98280190007764200305e-03 	 6 2 4 4
     -4.19148058119810999079e-18 	 6 2 5 1
      3.94207381943675694354e-17 	 6 2 5 2
      4.87258050772840564006e-18 	 6 2 5 3
      1.03488712676990410478e-18 	 6 2 5 4
      4.98280190007765674820e-03 	 6 2 5 5
     -1.07806739858021119818e-03 	 6 2 6 1
      1.22254648583673450335e-01 	 6 2 6 2
     -3.03936732431714339009e-02 	 6 2 6 3
      2.87141246964300092380e-17 	 6 2 6 4
     -3.53561905246862456006e-17 	 6 2 6 5
     -1.46072123841042067482e-01 	 6 2 6 6
     -1.74475961074685124996e-02 	 6 3 1 1
     -5.04808154042389340549e-03 	 6 3 2 1
      5.06508683307976964594e-02 	 6 3 2 2
      4.61847460150588331323e-03 	 6 3 3 1
     -7.59059541046303715151e-03 	 6 3 3 2
     -3.61491661734688329854e-02 	 6 3 3 3
     -4.38250234152643447831e-18 	 6 3 4 1
      8.88566613443411795262e-18 	 6 3 4 2
      2.48476879626076021196e-17 	 6 3 4 3
     -6.76708564106043167566e-04 	 6 3 4 4
      1.37467775283586429285e-17 	 6 3 5 1
     -2.95809021607874832814e-17 	 6 3 5 2
     -6.66255535136297211331e-17 	 6 3 5 3
      1.27551752127613482244e-18 	 6 3 5 4
     -6.76708564106045444390e-04 	 6 3 5 5
     -3.89623595029588371333e-03 	 6 3 6 1
     -3.03936732431713575731e-02 	 6 3 6 2
      2.63091188132329560634e-02 	 6 3 6 3
     -1.31222272955540644657e-17 	 6 3 6 4
      1.43991678459618456600e-17 	 6 3 6 5
      4.29662736676967721428e-02 	 6 3 6 6
      2.14819694806508278434e-17 	 6 4 1 1
      6.89490358164468551434e-18 	 6 4 2 1
     -4.01921175724351993653e-17 	 6 4 2 2
     -2.19519221504179231069e-18 	 6 4 3 1
      8.20963146167702999893e-18 	 6 4 3 2
      3.41951181707320390735e-17 	 6 4 3 3
     -5.78296427310776538222e-03 	 6 4 4 1
      1.93081871255284254207e-02 	 6 4 4 2
      1.39048051954511371620e-02 	 6 4 4 3
     -1.24152919915598013034e-17 	 6 4 4 4
      3.23515962750034365398e-19 	 6 4 5 1
     -6.00543784198987644259e-19 	 6 4 5 2
     -1.85611953140192229987e-19 	 6 4 5 3
      1.97946984022581923793e-17 	 6 4 5 4
      7.10624443631324596741e-18 	 6 4 5 5
      3.51359115274409265607e-18 	 6 4 6 1
      2.87141246964300092380e-17 	 6 4 6 2
     -1.31222272955540259471e-17 	 6 4 6 3
      1.90511196692405432307e-02 	 6 4 6 4
     -7.09390980725906350726e-19 	 6 4 6 5
     -2.43949753475474797645e-17 	 6 4 6 6
     -3.63826244618498581306e-17 	 6 5 1 1
     -8.53850569034724386524e-18 	 6 5 2 1
      5.62249248159240214220e-17 	 6 5 2 2
      1.16007968768070581910e-17 	 6 5 3 1
     -2.94548620718836484463e-17 	 6 5 3 2
     -8.92452240553724619997e-17 	 6 5 3 3
      3.00941265687523224148e-19 	 6 5 4 1
     -1.38312561324066944734e-21 	 6 5 4 2
      5.92141455970669654911e-19 	 6 5 4 3
     -9.20764075837196505085e-18 	 6 5 4 4
     -5.78296427310776624958e-03 	 6 5 5 1
      1.93081871255284323596e-02 	 6 5 5 2
      1.39048051954511423661e-02 	 6 5 5 3
     -9.76076821393652594651e-18 	 6 5 5 4
      3.03817560461444366560e-17 	 6 5 5 5
     -6.88334258565538091747e-18 	 6 5 6 1
     -3.53561905246861408300e-17 	 6 5 6 2
      1.43991678459618456600e-17 	 6 5 6 3
     -5.17379701901985231404e-19 	 6 5 6 4
      1.90511196692405432307e-02 	 6 5 6 5
      4.33997540810332898817e-17 	 6 5 6 6
      3.61297642622270986923e-01 	 6 6 1 1
     -5.73465597978832248433e-03 	 6 6 2 1
      4.59867061580073233085e-01 	 6 6 2 2
      1.14767608660228566386e-02 	 6 6 3 1
     -4.09605385814157257895e-02 	 6 6 3 2
      2.42456360775046703138e-01 	 6 6 3 3
      3.52023136372553400872e-17 	 6 6 4 1
     -3.42615902479229077503e-17 	 6 6 4 2
     -9.51389440506365516770e-17 	 6 6 4 3
      2.70127820906395976763e-01 	 6 6 4 4
     -1.83500661544818148060e-17 	 6 6 5 1
     -3.11629878571008847943e-17 	 6 6 5 2
      4.25353617784186069993e-17 	 6 6 5 3
     -9.40325607093563271284e-18 	 6 6 5 4
      2.70127820906396087786e-01 	 6 6 5 5
     -8.11332078306901223128e-04 	 6 6 6 1
     -1.46072123841042234016e-01 	 6 6 6 2
      4.29662736676966333649e-02 	 6 6 6 3
     -2.43949753475473873198e-17 	 6 6 6 4
      4.33997540810330988294e-17 	 6 6 6 5
      4.56934493626684257173e-01 	 6 6 6 6
 # Printing T + V integrals in spatial MO basis
     -4.77412687057447460148e+00 	 1 1 0 0
     -1.14721529866605331804e-01 	 1 2 0 0
     -1.69361861523174256350e-01 	 1 3 0 0
     -1.81574706318165866012e-16 	 1 4 0 0
      6.66682011874740317593e-17 	 1 5 0 0
     -1.37528322850969525470e-02 	 1 6 0 0
     -1.14721529866605248538e-01 	 2 1 0 0
     -1.57319044124032103582e+00 	 2 2 0 0
      3.82048617699132647685e-02 	 2 3 0 0
      2.85448296133691871573e-16 	 2 4 0 0
     -3.09828398833730721989e-17 	 2 5 0 0
      1.19287629146247464718e-01 	 2 6 0 0
     -1.69361861523174367372e-01 	 3 1 0 0
      3.82048617699133480352e-02 	 3 2 0 0
     -1.14000328802269801365e+00 	 3 3 0 0
      4.70346277167887311114e-16 	 3 4 0 0
     -3.28984087877241249302e-16 	 3 5 0 0
     -3.40251440460607179617e-02 	 3 6 0 0
     -1.81574706318165866012e-16 	 4 1 0 0
      2.85448296133691772966e-16 	 4 2 0 0
      4.70346277167887212506e-16 	 4 3 0 0
     -1.15527610315270590213e+00 	 4 4 0 0
      2.77555756156289135106e-17 	 4 5 0 0
     -6.10004361127105189513e-17 	 4 6 0 0
      6.66682011874739701296e-17 	 5 1 0 0
     -3.09828398833729242875e-17 	 5 2 0 0
     -3.28984087877240953479e-16 	 5 3 0 0
      2.77555756156289566514e-17 	 5 4 0 0
     -1.15527610315270612418e+00 	 5 5 0 0
     -1.35773961127495829776e-17 	 5 6 0 0
     -1.37528322850970184665e-02 	 6 1 0 0
      1.19287629146247797784e-01 	 6 2 0 0
     -3.40251440460606902061e-02 	 6 3 0 0
     -6.10004361127105189513e-17 	 6 4 0 0
     -1.35773961127493364586e-17 	 6 5 0 0
     -9.17467425616829812540e-01 	 6 6 0 0
 # Printing -1/2 \lambda \lambda q integrals in spatial MO basis
      0.00000000000000000000e+00 	 1 1 0 0
      0.00000000000000000000e+00 	 1 2 0 0
      0.00000000000000000000e+00 	 1 3 0 0
      0.00000000000000000000e+00 	 1 4 0 0
      0.00000000000000000000e+00 	 1 5 0 0
      0.00000000000000000000e+00 	 1 6 0 0
      0.00000000000000000000e+00 	 2 1 0 0
      0.00000000000000000000e+00 	 2 2 0 0
      0.00000000000000000000e+00 	 2 3 0 0
      0.00000000000000000000e+00 	 2 4 0 0
      0.00000000000000000000e+00 	 2 5 0 0
      0.00000000000000000000e+00 	 2 6 0 0
      0.00000000000000000000e+00 	 3 1 0 0
      0.00000000000000000000e+00 	 3 2 0 0
      0.00000000000000000000e+00 	 3 3 0 0
      0.00000000000000000000e+00 	 3 4 0 0
      0.00000000000000000000e+00 	 3 5 0 0
      0.00000000000000000000e+00 	 3 6 0 0
      0.00000000000000000000e+00 	 4 1 0 0
      0.00000000000000000000e+00 	 4 2 0 0
      0.00000000000000000000e+00 	 4 3 0 0
      0.00000000000000000000e+00 	 4 4 0 0
      0.00000000000000000000e+00 	 4 5 0 0
      0.00000000000000000000e+00 	 4 6 0 0
      0.00000000000000000000e+00 	 5 1 0 0
      0.00000000000000000000e+00 	 5 2 0 0
      0.00000000000000000000e+00 	 5 3 0 0
      0.00000000000000000000e+00 	 5 4 0 0
      0.00000000000000000000e+00 	 5 5 0 0
      0.00000000000000000000e+00 	 5 6 0 0
      0.00000000000000000000e+00 	 6 1 0 0
      0.00000000000000000000e+00 	 6 2 0 0
      0.00000000000000000000e+00 	 6 3 0 0
      0.00000000000000000000e+00 	 6 4 0 0
      0.00000000000000000000e+00 	 6 5 0 0
      0.00000000000000000000e+00 	 6 6 0 0
 # Printing \lambda mu integrals in spatial MO basis
      0.00000000000000000000e+00 	 1 1 0 0
      0.00000000000000000000e+00 	 1 2 0 0
      0.00000000000000000000e+00 	 1 3 0 0
      0.00000000000000000000e+00 	 1 4 0 0
      0.00000000000000000000e+00 	 1 5 0 0
      0.00000000000000000000e+00 	 1 6 0 0
      0.00000000000000000000e+00 	 2 1 0 0
      0.00000000000000000000e+00 	 2 2 0 0
      0.00000000000000000000e+00 	 2 3 0 0
      0.00000000000000000000e+00 	 2 4 0 0
      0.00000000000000000000e+00 	 2 5 0 0
      0.00000000000000000000e+00 	 2 6 0 0
      0.00000000000000000000e+00 	 3 1 0 0
      0.00000000000000000000e+00 	 3 2 0 0
      0.00000000000000000000e+00 	 3 3 0 0
      0.00000000000000000000e+00 	 3 4 0 0
      0.00000000000000000000e+00 	 3 5 0 0
      0.00000000000000000000e+00 	 3 6 0 0
      0.00000000000000000000e+00 	 4 1 0 0
      0.00000000000000000000e+00 	 4 2 0 0
      0.00000000000000000000e+00 	 4 3 0 0
      0.00000000000000000000e+00 	 4 4 0 0
      0.00000000000000000000e+00 	 4 5 0 0
      0.00000000000000000000e+00 	 4 6 0 0
      0.00000000000000000000e+00 	 5 1 0 0
      0.00000000000000000000e+00 	 5 2 0 0
      0.00000000000000000000e+00 	 5 3 0 0
      0.00000000000000000000e+00 	 5 4 0 0
      0.00000000000000000000e+00 	 5 5 0 0
      0.00000000000000000000e+00 	 5 6 0 0
      0.00000000000000000000e+00 	 6 1 0 0
      0.00000000000000000000e+00 	 6 2 0 0
      0.00000000000000000000e+00 	 6 3 0 0
      0.00000000000000000000e+00 	 6 4 0 0
      0.00000000000000000000e+00 	 6 5 0 0
      0.00000000000000000000e+00 	 6 6 0 0
 # Printing nuclear repulsion energy
      1.13395116572142873324e+00 	 0 0 0 0
 # Printing photon energy
      0.00000000000000000000e+00 	 0 0 0 0
 # Printing lambda vector
  0.0000000000e+00, 0.0000000000e+00, 0.0000000000e+00 	 0 0 0 0
 # Printing FCI Ground-state Energy
     -7.87845365231867855726e+00 	 0 0 0 0
