&FCI
NORB=6,
NELEC=4,
MS2=0,
UHF=.FALSE.,
ORBSYM=1,1,1,1,1,1,
ISYM=1,
&END
  1.65746225568124572192E+00   1   1   1   1
  1.23210600872631553804E-01   1   1   2   1
  3.93597799685008187254E-01   1   1   2   2
  1.36465241834231754137E-01   1   1   3   1
  9.55749466986739217023E-03   1   1   3   2
  3.96123829133834925997E-01   1   1   3   3
  3.96290895985614177732E-01   1   1   4   4
  3.96290895985614510799E-01   1   1   5   5
  3.02122452903166686944E-02   1   1   6   1
  1.28575557310917215625E-02   1   1   6   2
 -1.74475961074684222940E-02   1   1   6   3
  3.61297642622271875101E-01   1   1   6   6
  1.23210600872631428904E-01   2   1   1   1
  1.65046353809819683345E-02   2   1   2   1
 -8.48907100586267747422E-03   2   1   2   2
  1.19454104393018709779E-02   2   1   3   1
  4.04999454638203196938E-03   2   1   3   2
  1.24140866418002027843E-02   2   1   3   3
  4.85870261144422024152E-03   2   1   4   4
  4.85870261144422457833E-03   2   1   5   5
  6.80153168030696829438E-03   2   1   6   1
  7.01752834864118046898E-03   2   1   6   2
 -5.04808154042393937566E-03   2   1   6   3
 -5.73465597978850289557E-03   2   1   6   6
  3.93597799685008131743E-01   2   2   1   1
 -8.48907100586267400477E-03   2   2   2   1
  5.01300613191809518732E-01   2   2   2   2
  1.84733071175995251789E-02   2   2   3   1
 -4.53744406699537333738E-02   2   2   3   2
  2.29966383150381536993E-01   2   2   3   3
  2.80184407088635123451E-01   2   2   4   4
  2.80184407088635345495E-01   2   2   5   5
 -4.72094232823568309837E-03   2   2   6   1
 -1.38201208927497903867E-01   2   2   6   2
  5.06508683307977103372E-02   2   2   6   3
  4.59867061580075009442E-01   2   2   6   6
  1.36465241834231587603E-01   3   1   1   1
  1.19454104393018831209E-02   3   1   2   1
  1.84733071175995355873E-02   3   1   2   2
  2.13176010873084575969E-02   3   1   3   1
 -2.89467541642529722218E-04   3   1   3   2
 -2.18767169704182440695E-03   3   1   3   3
  4.89215942895828825171E-03   3   1   4   4
  4.89215942895829172116E-03   3   1   5   5
 -1.55146825507979622700E-04   3   1   6   1
 -2.35757064896320979799E-03   3   1   6   2
  4.61847460150589198685E-03   3   1   6   3
  1.14767608660228774553E-02   3   1   6   6
  9.55749466986738176189E-03   3   2   1   1
  4.04999454638204411244E-03   3   2   2   1
 -4.53744406699537472516E-02   3   2   2   2
 -2.89467541642521211231E-04   3   2   3   1
  1.13600221043210162369E-02   3   2   3   2
  4.82589208589939960142E-03   3   2   3   3
  3.79520207156529027631E-03   3   2   4   4
  3.79520207156529374576E-03   3   2   5   5
  6.32359066482786596336E-04   3   2   6   1
  3.25365472264422458948E-02   3   2   6   2
 -7.59059541046277867771E-03   3   2   6   3
 -4.09605385814154482338E-02   3   2   6   6
  3.96123829133834814975E-01   3   3   1   1
  1.24140866418001784982E-02   3   3   2   1
  2.29966383150381536993E-01   3   3   2   2
 -2.18767169704184218787E-03   3   3   3   1
  4.82589208589939960142E-03   3   3   3   2
  3.39485047892403524195E-01   3   3   3   3
  2.82400436402673482572E-01   3   3   4   4
  2.82400436402673704617E-01   3   3   5   5
  8.42382581384438187955E-03   3   3   6   1
  5.85076657040744466803E-03   3   3   6   2
 -3.61491661734689301300E-02   3   3   6   3
  2.42456360775047286005E-01   3   3   6   6
  9.82169265421300487218E-03   4   1   4   1
 -7.68005245541496586736E-03   4   1   4   2
 -1.02342040093874962065E-02   4   1   4   3
 -5.78296427310777665792E-03   4   1   6   4
 -7.68005245541496673473E-03   4   2   4   1
  2.45777918047196154705E-02   4   2   4   2
  1.91833844264976197125E-02   4   2   4   3
  1.93081871255283629707E-02   4   2   6   4
 -1.02342040093875031453E-02   4   3   4   1
  1.91833844264976231819E-02   4   3   4   2
  4.13964603147417495310E-02   4   3   4   3
  1.39048051954511926731E-02   4   3   6   4
  3.96290895985614177732E-01   4   4   1   1
  4.85870261144421416999E-03   4   4   2   1
  2.80184407088635067939E-01   4   4   2   2
  4.89215942895828044545E-03   4   4   3   1
  3.79520207156530328674E-03   4   4   3   2
  2.82400436402673482572E-01   4   4   3   3
  3.12945511159408940038E-01   4   4   4   4
  2.79207232132027027838E-01   4   4   5   5
 -3.14169933289679473298E-04   4   4   6   1
  4.98280190007718750550E-03   4   4   6   2
 -6.76708564105943746227E-04   4   4   6   3
  2.70127820906396531875E-01   4   4   6   6
  9.82169265421301007635E-03   5   1   5   1
 -7.68005245541497193890E-03   5   1   5   2
 -1.02342040093875066148E-02   5   1   5   3
 -5.78296427310777926001E-03   5   1   6   5
 -7.68005245541497280626E-03   5   2   5   1
  2.45777918047196362872E-02   5   2   5   2
  1.91833844264976405292E-02   5   2   5   3
  1.93081871255283837874E-02   5   2   6   5
 -1.02342040093875100842E-02   5   3   5   1
  1.91833844264976370597E-02   5   3   5   2
  4.13964603147417842255E-02   5   3   5   3
  1.39048051954512030814E-02   5   3   6   5
  1.68691395136910428365E-02   5   4   5   4
  3.96290895985614455288E-01   5   5   1   1
  4.85870261144422371097E-03   5   5   2   1
  2.80184407088635289984E-01   5   5   2   2
  4.89215942895829692533E-03   5   5   3   1
  3.79520207156530241938E-03   5   5   3   2
  2.82400436402673704617E-01   5   5   3   3
  2.79207232132027027838E-01   5   5   4   4
  3.12945511159409384128E-01   5   5   5   5
 -3.14169933289685273780E-04   5   5   6   1
  4.98280190007730633406E-03   5   5   6   2
 -6.76708564105997197394E-04   5   5   6   3
  2.70127820906396642897E-01   5   5   6   6
  3.02122452903165160387E-02   6   1   1   1
  6.80153168030697176383E-03   6   1   2   1
 -4.72094232823567615948E-03   6   1   2   2
 -1.55146825507978565603E-04   6   1   3   1
  6.32359066482781934267E-04   6   1   3   2
  8.42382581384438361427E-03   6   1   3   3
 -3.14169933289687767445E-04   6   1   4   4
 -3.14169933289688038495E-04   6   1   5   5
  5.68985423212462013837E-03   6   1   6   1
 -1.07806739858029728384E-03   6   1   6   2
 -3.89623595029589542271E-03   6   1   6   3
 -8.11332078306589731843E-04   6   1   6   6
  1.28575557310916504389E-02   6   2   1   1
  7.01752834864117613217E-03   6   2   2   1
 -1.38201208927497987133E-01   6   2   2   2
 -2.35757064896320199174E-03   6   2   3   1
  3.25365472264422042614E-02   6   2   3   2
  5.85076657040741777982E-03   6   2   3   3
  4.98280190007721179163E-03   6   2   4   4
  4.98280190007721612844E-03   6   2   5   5
 -1.07806739858027191351E-03   6   2   6   1
  1.22254648583674324636E-01   6   2   6   2
 -3.03936732431714304314E-02   6   2   6   3
 -1.46072123841043621795E-01   6   2   6   6
 -1.74475961074684673968E-02   6   3   1   1
 -5.04808154042395759026E-03   6   3   2   1
  5.06508683307976548260E-02   6   3   2   2
  4.61847460150588418060E-03   6   3   3   1
 -7.59059541046278561660E-03   6   3   3   2
 -3.61491661734689231911E-02   6   3   3   3
 -6.76708564105959792419E-04   6   3   4   4
 -6.76708564105960334520E-04   6   3   5   5
 -3.89623595029589021854E-03   6   3   6   1
 -3.03936732431713818592E-02   6   3   6   2
  2.63091188132328693272E-02   6   3   6   3
  4.29662736676966472427E-02   6   3   6   6
 -5.78296427310777492320E-03   6   4   4   1
  1.93081871255283629707E-02   6   4   4   2
  1.39048051954511926731E-02   6   4   4   3
  1.90511196692405328224E-02   6   4   6   4
 -5.78296427310778186209E-03   6   5   5   1
  1.93081871255283803179E-02   6   5   5   2
  1.39048051954512082856E-02   6   5   5   3
  1.90511196692405501696E-02   6   5   6   5
  3.61297642622271930612E-01   6   6   1   1
 -5.73465597978848728306E-03   6   6   2   1
  4.59867061580075009442E-01   6   6   2   2
  1.14767608660228809248E-02   6   6   3   1
 -4.09605385814154551727E-02   6   6   3   2
  2.42456360775047397027E-01   6   6   3   3
  2.70127820906396365341E-01   6   6   4   4
  2.70127820906396587386E-01   6   6   5   5
 -8.11332078306603392791E-04   6   6   6   1
 -1.46072123841043594039E-01   6   6   6   2
  4.29662736676967860205E-02   6   6   6   3
  4.56934493626686810686E-01   6   6   6   6
 -4.77412687057447371330E+00   1   1   0   0
 -1.14721529866604957104E-01   2   1   0   0
 -1.57319044124032192400E+00   2   2   0   0
 -1.69361861523175255551E-01   3   1   0   0
  3.82048617699126194514E-02   3   2   0   0
 -1.14000328802269956796E+00   3   3   0   0
 -1.15527610315270523600E+00   4   4   0   0
 -1.15527610315270656827E+00   5   5   0   0
 -1.37528322850979604214E-02   6   1   0   0
  1.19287629146250045986E-01   6   2   0   0
 -3.40251440460607595950E-02   6   3   0   0
 -9.17467425616831255830E-01   6   6   0   0
  1.13395116572142873324E+00   0   0   0   0
