1.4 -7.87403076263865 -7.756475623232484 -7.72988473296419 -7.72988473296419
1.4163265306122448 -7.874989681170819 -7.757565275607974 -7.731297771618619 -7.731297771618619
1.4326530612244897 -7.875812584558463 -7.75852836179503 -7.732601222795054 -7.732601222795054
1.4489795918367345 -7.876506239549883 -7.759372461939578 -7.733799283177531 -7.733799283177531
1.4653061224489796 -7.877077090790619 -7.7601049033016 -7.734895805713356 -7.734895805713356
1.4816326530612245 -7.877531280178122 -7.760732782427121 -7.735894315281567 -7.735894315281567
1.4979591836734694 -7.877874664760745 -7.761262984891299 -7.736798023866946 -7.736798023866946
1.5142857142857142 -7.878112833303591 -7.7617022023229945 -7.737609845765311 -7.737609845765311
1.530612244897959 -7.878251121634897 -7.762056946334128 -7.738332413417553 -7.738332413417553
1.546938775510204 -7.878294626878031 -7.762333558895783 -7.7389680945339725 -7.7389680945339725
1.5632653061224488 -7.8782482206657996 -7.762538218641762 -7.739519011218077 -7.739519011218077
1.5795918367346937 -7.8781165614261965 -7.762676942555687 -7.739987061808124 -7.739987061808124
1.5959183673469388 -7.877904105819937 -7.762755582529851 -7.740373946107932 -7.740373946107932
1.6122448979591837 -7.877615119403947 -7.762779816399392 -7.740681194550473 -7.740681194550473
1.6285714285714286 -7.877253686587048 -7.762755133272809 -7.74091020160737 -7.74091020160737
1.6448979591836734 -7.876823719938857 -7.762686813314583 -7.741062263411633 -7.741062263411633
1.6612244897959183 -7.876328968905848 -7.762579902583067 -7.74113861910108 -7.74113861910108
1.6775510204081634 -7.875773027984163 -7.762439184062391 -7.7411404948470315 -7.7411404948470315
1.693877551020408 -7.875159344393432 -7.762269146588439 -7.741069148959997 -7.741069148959997
1.7102040816326531 -7.874491225291274 -7.762073953874694 -7.7409259159513475 -7.7409259159513475
1.726530612244898 -7.873771844564506 -7.761857416187093 -7.74071224707889 -7.74071224707889
1.7428571428571429 -7.873004249229261 -7.761622967300308 -7.74042974481414 -7.74042974481414
1.7591836734693878 -7.872191365469023 -7.761373649124408 -7.740080188905883 -7.740080188905883
1.7755102040816326 -7.871336004336501 -7.76111210581389 -7.739665552286765 -7.739665552286765
1.7918367346938777 -7.870440867143072 -7.76084058832292 -7.739188005912442 -7.739188005912442
1.8081632653061224 -7.869508550556468 -7.76056096937846 -7.738649912609563 -7.738649912609563
1.8244897959183675 -7.868541551425884 -7.7602747678700865 -7.738053810979038 -7.738053810979038
1.8408163265306123 -7.867542271351607 -7.759983180854406 -7.737402391197027 -7.737402391197027
1.8571428571428572 -7.866513021013888 -7.7596871208570875 -7.736698465067247 -7.736698465067247
1.873469387755102 -7.865456024275472 -7.759387255971624 -7.7359449328603676 -7.7359449328603676
1.889795918367347 -7.8643734220693995 -7.759084050376152 -7.735144749349417 -7.735144749349417
1.906122448979592 -7.863267276083337 -7.758777803247114 -7.734300891091174 -7.734300891091174
1.9224489795918367 -7.862139572250031 -7.758468684540804 -7.733416326507799 -7.733416326507799
1.9387755102040818 -7.8609922240527865 -7.758156766647441 -7.732493989788475 -7.732493989788475
1.9551020408163267 -7.859827075653074 -7.757842051417829 -7.7315367591310284 -7.7315367591310284
1.9714285714285715 -7.8586459048478075 -7.757524492476134 -7.730547439430898 -7.730547439430898
1.9877551020408164 -7.857450425861569 -7.757204013037359 -7.729528749215283 -7.729528749215283
2.0040816326530613 -7.856242291979446 -7.756880519650691 -7.728483311418071 -7.728483311418071
2.0204081632653064 -7.855023098024722 -7.7565539123982115 -7.72741364747968 -7.72741364747968
2.036734693877551 -7.853794382685844 -7.756224092117809 -7.726322174216922 -7.726322174216922
2.053061224489796 -7.852557630695817 -7.755890965205165 -7.725211202919098 -7.725211202919098
2.069387755102041 -7.851314274867363 -7.755554446505851 -7.724082940170321 -7.724082940170321
2.085714285714286 -7.850065697986671 -7.7552144607465845 -7.722939489958881 -7.722939489958881
2.1020408163265305 -7.848813234568209 -7.7548709428862015 -7.7217828567015205 -7.7217828567015205
2.1183673469387756 -7.84755817247331 -7.754523837700967 -7.720614948877102 -7.720614948877102
2.1346938775510207 -7.846301754394603 -7.754173098855918 -7.7194375830248445 -7.7194375830248445
2.1510204081632653 -7.845045179209311 -7.7538186876608926 -7.718252487916613 -7.718252487916613
2.1673469387755104 -7.843789603203302 -7.75346057166325 -7.717061308757482 -7.717061308757482
2.183673469387755 -7.842536141169795 -7.753098723192118 -7.715865611307786 -7.715865611307786
2.2 -7.841285867384967 -7.752733117937765 -7.714666885848895 -7.714666885848895
