1.4 -7.873620813378943 -7.7561787762861485 -7.729143631950497 -7.729143631950497
1.4163265306122448 -7.874556027619996 -7.75725153216411 -7.730549785640025 -7.730549785640025
1.4326530612244897 -7.8753550221391855 -7.758197349531533 -7.731846465244591 -7.731846465244591
1.4489795918367345 -7.876024611403308 -7.759023796480389 -7.733037900901237 -7.733037900901237
1.4653061224489796 -7.876571286042205 -7.759738181561205 -7.734127984238226 -7.734127984238226
1.4816326530612245 -7.877001232151116 -7.760347575780004 -7.73512028434354 -7.73512028434354
1.4979591836734694 -7.877320349158161 -7.760858832318441 -7.736018063095682 -7.736018063095682
1.5142857142857142 -7.877534266377011 -7.761278603735229 -7.736824290331095 -7.736824290331095
1.530612244897959 -7.877648358356866 -7.761613356328971 -7.737541659386471 -7.737541659386471
1.546938775510204 -7.877667759132895 -7.7618693812650585 -7.7381726036132825 -7.7381726036132825
1.5632653061224488 -7.877597375471745 -7.762052802009462 -7.738719314508962 -7.738719314508962
1.5795918367346937 -7.877441899199556 -7.762169577578567 -7.739183762126885 -7.739183762126885
1.5959183673469388 -7.877205818691225 -7.762225501127729 -7.739567718399971 -7.739567718399971
1.6122448979591837 -7.87689342959292 -7.762226193481838 -7.739872783918502 -7.739872783918502
1.6285714285714286 -7.876508844843166 -7.762177091379277 -7.740100418523784 -7.740100418523784
1.6448979591836734 -7.876056004051924 -7.762083430470529 -7.740251975797443 -7.740251975797443
1.6612244897959183 -7.875538682290293 -7.761950223486529 -7.7403287411408 -7.7403287411408
1.6775510204081634 -7.874960498339672 -7.761782234456152 -7.740331972667659 -7.740331972667659
1.693877551020408 -7.874324922443465 -7.761583950360498 -7.7402629436145345 -7.7402629436145345
1.7102040816326531 -7.873635283600651 -7.761359552099775 -7.7401229844779635 -7.7401229844779635
1.726530612244898 -7.8728947764361585 -7.761112887025774 -7.739913522703344 -7.739913522703344
1.7428571428571429 -7.872106467680197 -7.760847445468352 -7.739636117568861 -7.739636117568861
1.7591836734693878 -7.871273302284514 -7.760566343582899 -7.739292488002381 -7.739292488002381
1.7755102040816326 -7.870398109201889 -7.760272314439666 -7.738884531471552 -7.738884531471552
1.7918367346938777 -7.86948360685138 -7.759967708592901 -7.73841433276439 -7.73841433276439
1.8081632653061224 -7.868532408290057 -7.759654504500592 -7.737884162339933 -7.737884162339933
1.8244897959183675 -7.867547026110286 -7.7593343282509375 -7.737296464841651 -7.737296464841651
1.8408163265306123 -7.866529877078447 -7.759008481230827 -7.7366538391798025 -7.7366538391798025
1.8571428571428572 -7.865483286530238 -7.758677973773086 -7.735959012187539 -7.735959012187539
1.873469387755102 -7.864409492536162 -7.758343562506454 -7.735214808163369 -7.735214808163369
1.889795918367347 -7.863310649848348 -7.758005789116534 -7.734424116626668 -7.734424116626668
1.906122448979592 -7.862188833639606 -7.757665018459301 -7.733589860375903 -7.733589860375903
1.9224489795918367 -7.8610460430438724 -7.757321474372052 -7.732714965535696 -7.732714965535696
1.9387755102040818 -7.8598842045063915 -7.7569752720087095 -7.731802334794004 -7.731802334794004
1.9551020408163267 -7.858705174950546 -7.75662644600919 -7.730854824546512 -7.730854824546512
1.9714285714285715 -7.857510744768471 -7.756274974239376 -7.729875226239643 -7.729875226239643
1.9877551020408164 -7.856302640640373 -7.755920797175355 -7.728866251864722 -7.728866251864722
2.0040816326530613 -7.85508252818839 -7.755563833247886 -7.7278305233178015 -7.7278305233178015
2.0204081632653064 -7.853852014469423 -7.755203990612436 -7.726770565192167 -7.726770565192167
2.036734693877551 -7.85261265031198 -7.754841175889117 -7.725688800501706 -7.725688800501706
2.053061224489796 -7.85136593250157 -7.754475300440656 -7.724587548821239 -7.724587548821239
2.069387755102041 -7.85011330582085 -7.7541062847520745 -7.723469026361388 -7.723469026361388
2.085714285714286 -7.848856164951869 -7.753734061462462 -7.722335347551556 -7.722335347551556
2.1020408163265305 -7.847595856252061 -7.753358577604449 -7.721188527781955 -7.721188527781955
2.1183673469387756 -7.846333679423621 -7.75297979666956 -7.720030487048512 -7.720030487048512
2.1346938775510207 -7.845070889110977 -7.752597701302593 -7.718863054366395 -7.718863054366395
2.1510204081632653 -7.843808696498618 -7.7522122978916705 -7.717687973003614 -7.717687973003614
2.1673469387755104 -7.84254827106415 -7.751823625425779 -7.716506906931802 -7.716506906931802
2.183673469387755 -7.84129074286541 -7.751431773740866 -7.715321449677725 -7.715321449677725
2.2 -7.840037206392706 -7.751036923654399 -7.714133138861475 -7.714133138861475
