1.4 -7.8740304006330115 -7.756097218483663 -7.729845469383069 -7.729845469383069
1.4163265306122448 -7.874989291153351 -7.75717519561127 -7.731254292539503 -7.731254292539503
1.4326530612244897 -7.875812164635797 -7.7581266678031096 -7.732553008285055 -7.732553008285055
1.4489795918367345 -7.876505787696049 -7.758959261756085 -7.733745745786014 -7.733745745786014
1.4653061224489796 -7.877076604837371 -7.759680358712278 -7.734836282407007 -7.734836282407007
1.4816326530612245 -7.877530757804475 -7.7602971171577435 -7.735828058864455 -7.735828058864455
1.4979591836734694 -7.877874103482039 -7.760816492941496 -7.73672419403751 -7.73672419403751
1.5142857142857142 -7.878112230459747 -7.761245256443016 -7.73752750004308 -7.73752750004308
1.530612244897959 -7.878250474378064 -7.761590006313281 -7.7382404982711765 -7.7382404982711765
1.546938775510204 -7.878293932159401 -7.761857179217283 -7.738865437156119 -7.738865437156119
1.5632653061224488 -7.878247475221693 -7.76205305493674 -7.739404312514555 -7.739404312514555
1.5795918367346937 -7.878115761763254 -7.762183756170726 -7.739858891287125 -7.739858891287125
1.5959183673469388 -7.877903248199599 -7.762255242426893 -7.74023073945103 -7.74023073945103
1.6122448979591837 -7.877614199825849 -7.762273297558954 -7.740521254694489 -7.740521254694489
1.6285714285714286 -7.877252700771601 -7.76224351080165 -7.740731704136626 -7.740731704136626
1.6448979591836734 -7.876822663308842 -7.76217125159722 -7.740863266921982 -7.740863266921982
1.6612244897959183 -7.876327836566992 -7.762061639084014 -7.740917080929555 -7.740917080929555
1.6775510204081634 -7.875771814704659 -7.761919507787972 -7.740894292159445 -7.740894292159445
1.693877551020408 -7.875158044582366 -7.761749371729072 -7.740796104677045 -7.740796104677045
1.7102040816326531 -7.874489832976002 -7.761555389714626 -7.7406238284284035 -7.7406238284284035
1.726530612244898 -7.873770353366781 -7.761341334901367 -7.740378921921584 -7.740378921921584
1.7428571428571429 -7.873002652340351 -7.761110571658154 -7.740063026813746 -7.740063026813746
1.7591836734693878 -7.872189655623469 -7.760866042290944 -7.739677991905953 -7.739677991905953
1.7755102040816326 -7.871334173784792 -7.760610265332715 -7.739225884902564 -7.739225884902564
1.7918367346938777 -7.870438907623107 -7.760345345972949 -7.738708991414629 -7.738708991414629
1.8081632653061224 -7.869506453263716 -7.76007299799095 -7.738129801891831 -7.738129801891831
1.8244897959183675 -7.868539306982578 -7.759794575474893 -7.737490988247479 -7.737490988247479
1.8408163265306123 -7.867539869774555 -7.759511111822322 -7.736795372721276 -7.736795372721276
1.8571428571428572 -7.866510451681335 -7.7592233631281795 -7.736045891912532 -7.736045891912532
1.873469387755102 -7.8654532758928815 -7.758931853075423 -7.735245558903886 -7.735245558903886
1.889795918367347 -7.864370482634336 -7.7586369167805875 -7.7343974260550485 -7.7343974260550485
1.906122448979592 -7.863264132849511 -7.75833874159607 -7.733504550494202 -7.733504550494202
1.9224489795918367 -7.862136211690684 -7.75803740350684 -7.732569963696463 -7.732569963696463
1.9387755102040818 -7.860988631823587 -7.757732898376217 -7.731596645919882 -7.731596645919882
1.9551020408163267 -7.859823236554757 -7.757425167820458 -7.7305875057407265 -7.7305875057407265
1.9714285714285715 -7.858641802788885 -7.757114119893389 -7.729545364529159 -7.729545364529159
1.9877551020408164 -7.857446043821281 -7.756799645028865 -7.728472945434189 -7.728472945434189
2.0040816326530613 -7.856237611971442 -7.756481627842669 -7.727372866295222 -7.727372866295222
2.0204081632653064 -7.85501810106186 -7.756159955452327 -7.726247635835645 -7.726247635835645
2.036734693877551 -7.853789048746607 -7.755834522967361 -7.725099652500994 -7.725099652500994
2.053061224489796 -7.852551938692795 -7.755505236751563 -7.723931205351327 -7.723931205351327
2.069387755102041 -7.851308202618618 -7.7551720159877915 -7.722744476489744 -7.722744476489744
2.085714285714286 -7.850059222190501 -7.754834792993443 -7.721541544587604 -7.721541544587604
2.1020408163265305 -7.848806330782076 -7.754493512655411 -7.7203243891469135 -7.7203243891469135
2.1183673469387756 -7.847550815097902 -7.754148131279416 -7.719094895213157 -7.719094895213157
2.1346938775510207 -7.846293916663818 -7.75379861508302 -7.717854858314823 -7.717854858314823
2.1510204081632653 -7.845036833187136 -7.75344493850838 -7.716605989460686 -7.716605989460686
2.1673469387755104 -7.843780719788713 -7.753087082484748 -7.715349920068727 -7.715349920068727
2.183673469387755 -7.8425266901106 -7.752725032736037 -7.714088206736837 -7.714088206736837
2.2 -7.841275817301962 -7.752358778199604 -7.71282233579183 -7.71282233579183
