1.4 -7.873556770276147 -7.756094549923417 -7.728841963621644 -7.728841963621644
1.4163265306122448 -7.8744918840462015 -7.757164405178181 -7.730243080608714 -7.730243080608714
1.4326530612244897 -7.875290775843725 -7.758107058183142 -7.731535288796968 -7.731535288796968
1.4489795918367345 -7.8759602613791 -7.758930057452388 -7.732722866862611 -7.732722866862611
1.4653061224489796 -7.876506832547731 -7.759640691329851 -7.733809754033953 -7.733809754033953
1.4816326530612245 -7.876936676721154 -7.760246010311288 -7.734799565593954 -7.734799565593954
1.4979591836734694 -7.877255694603687 -7.760752847216159 -7.735695607630419 -7.735695607630419
1.5142857142857142 -7.877469516775351 -7.7611678349926345 -7.736500891484149 -7.736500891484149
1.530612244897959 -7.877583519032931 -7.761497421858622 -7.737218148410955 -7.737218148410955
1.546938775510204 -7.8776028366321995 -7.761747883401055 -7.7378498450364415 -7.7378498450364415
1.5632653061224488 -7.877532377526272 -7.761925331185801 -7.738398200238842 -7.738398200238842
1.5795918367346937 -7.877376834687002 -7.762035717382256 -7.738865204128065 -7.738865204128065
1.5959183673469388 -7.877140697588217 -7.762084834897218 -7.739252639784041 -7.739252639784041
1.6122448979591837 -7.8768282629229756 -7.7620783125637285 -7.739562108353982 -7.739562108353982
1.6285714285714286 -7.8764436446195365 -7.7620216050613156 -7.739795057964389 -7.739795057964389
1.6448979591836734 -7.875990783215545 -7.761919977475293 -7.7399528166621 -7.7399528166621
1.6612244897959183 -7.875473454643007 -7.761778484740343 -7.740036629248885 -7.740036629248885
1.6775510204081634 -7.8748952784725486 -7.761601946653698 -7.740047697426333 -7.740047697426333
1.693877551020408 -7.874259725660011 -7.761394919650729 -7.73998722215034 -7.73998722215034
1.7102040816326531 -7.873570125834365 -7.761161667053652 -7.739856446568626 -7.739856446568626
1.726530612244898 -7.872829674162039 -7.760906129948858 -7.739656697463309 -7.739656697463309
1.7428571428571429 -7.872041437819315 -7.760631901123501 -7.739389422838266 -7.739389422838266
1.7591836734693878 -7.8712083621012265 -7.760342204511843 -7.739056223265412 -7.739056223265412
1.7755102040816326 -7.870333276192316 -7.7600398823140475 -7.738658874885991 -7.738658874885991
1.7918367346938777 -7.869418898622642 -7.7597273913604194 -7.738199342548626 -7.738199342548626
1.8081632653061224 -7.868467842429227 -7.759406809469373 -7.737679782384214 -7.737679782384214
1.8244897959183675 -7.867482620041758 -7.7590798516156925 -7.737102534047271 -7.737102534047271
1.8408163265306123 -7.866465647909151 -7.758747894832156 -7.7364701037415715 -7.7364701037415715
1.8571428571428572 -7.865419250881448 -7.758412010054066 -7.7357851398571755 -7.7357851398571755
1.873469387755102 -7.8643456663608475 -7.75807299867759 -7.735050403482671 -7.735050403482671
1.889795918367347 -7.863247048233215 -7.757731431468852 -7.734268736184669 -7.734268736184669
1.906122448979592 -7.8621254705907075 -7.757387687607257 -7.733443027297311 -7.733443027297311
1.9224489795918367 -7.860982931254805 -7.757041991998652 -7.73257618260785 -7.73257618260785
1.9387755102040818 -7.859821355108086 -7.756694449463333 -7.731671095851752 -7.731671095851752
1.9551020408163267 -7.858642597241596 -7.756345074899992 -7.730730623928616 -7.730730623928616
1.9714285714285715 -7.85744844592495 -7.755993818986536 -7.729757566289598 -7.729757566289598
1.9877551020408164 -7.856240625404532 -7.755640589354808 -7.728754648566041 -7.728754648566041
2.0040816326530613 -7.855020798535345 -7.7552852674565615 -7.727724510229674 -7.727724510229674
2.0204081632653064 -7.853790569251457 -7.754927721520993 -7.726669695892511 -7.726669695892511
2.036734693877551 -7.852551484879861 -7.754567816107246 -7.7255926497582275 -7.7255926497582275
2.053061224489796 -7.851305038301959 -7.754205418792835 -7.724495712704336 -7.724495712704336
2.069387755102041 -7.850052669966911 -7.75384040453481 -7.723381121488556 -7.723381121488556
2.085714285714286 -7.848795769760429 -7.753472658205936 -7.722251009613275 -7.722251009613275
2.1020408163265305 -7.847535678732131 -7.753102075756214 -7.721107409435097 -7.721107409435097
2.1183673469387756 -7.8462736906840815 -7.752728564388489 -7.719952255164092 -7.719952255164092
2.1346938775510207 -7.845011053622269 -7.752352042068243 -7.718787386450391 -7.718787386450391
2.1510204081632653 -7.843748971073258 -7.751972436618907 -7.717614552303867 -7.717614552303867
2.1673469387755104 -7.842488603267377 -7.751589684584456 -7.716435415127455 -7.716435415127455
2.183673469387755 -7.84123106819247 -7.751203729974561 -7.7152515546590825 -7.7152515546590825
2.2 -7.839977442524406 -7.750814522927418 -7.714064471572347 -7.714064471572347
