1.4 -7.874030762146425 -7.756474657963226 -7.729884609878628 -7.729884609878628
1.4163265306122448 -7.874989680620949 -7.757564243805161 -7.731297630784251 -7.731297630784251
1.4326530612244897 -7.875812583944838 -7.758527260449817 -7.732601061519645 -7.732601061519645
1.4489795918367345 -7.876506238865763 -7.759371288070193 -7.733799098342538 -7.733799098342538
1.4653061224489796 -7.877077090028562 -7.760103653990453 -7.734895593707425 -7.734895593707425
1.4816326530612245 -7.877531279329924 -7.760731454864867 -7.73589407192536 -7.73589407192536
1.4979591836734694 -7.877874663817338 -7.761261576428005 -7.736797744328764 -7.736797744328764
1.5142857142857142 -7.878112832254961 -7.76170071052656 -7.737609524467553 -7.737609524467553
1.530612244897959 -7.87825112047 -7.7620553690553935 -7.738332043934284 -7.738332043934284
1.546938775510204 -7.8782946255846635 -7.762331894339238 -7.738967669480605 -7.738967669480605
1.5632653061224488 -7.878248219230498 -7.762536465440146 -7.739518522134928 -7.739518522134928
1.5795918367346937 -7.878116559834079 -7.762675099845519 -7.73998649904045 -7.73998649904045
1.5959183673469388 -7.877904104054593 -7.762753650024243 -7.740373298686182 -7.740373298686182
1.6122448979591837 -7.877615117447252 -7.762777794453358 -7.740680450075377 -7.740680450075377
1.6285714285714286 -7.877253684419003 -7.762753022935278 -7.74090934614546 -7.74090934614546
1.6448979591836734 -7.876823717537396 -7.762684616361092 -7.7410612814072355 -7.7410612814072355
1.6612244897959183 -7.8763289662466125 -7.762577621523027 -7.74113749331071 -7.74113749331071
1.6775510204081634 -7.875773025040303 -7.762436822115576 -7.741139206301445 -7.741139206301445
1.693877551020408 -7.8751593411353245 -7.762266707627243 -7.741067676957207 -7.741067676957207
1.7102040816326531 -7.874491221686276 -7.762071442331275 -7.740924238081557 -7.740924238081557
1.726530612244898 -7.873771840576626 -7.761854836927576 -7.740710339278849 -7.740710339278849
1.7428571428571429 -7.87300424481885 -7.761620325471831 -7.740427581445233 -7.740427581445233
1.7591836734693878 -7.872191360592423 -7.7613709499838635 -7.740077742847041 -7.740077742847041
1.7755102040816326 -7.871335998945638 -7.761109354549227 -7.739662795031235 -7.739662795031235
1.7918367346938777 -7.870440861185046 -7.760837789878784 -7.739184907656686 -7.739184907656686
1.8081632653061224 -7.869508543973085 -7.76055812829723 -7.738646442323231 -7.738646442323231
1.8244897959183675 -7.868541544153172 -7.760271888157164 -7.738049936447172 -7.738049936447172
1.8408163265306123 -7.867542263319255 -7.759980265873811 -7.737398079028696 -7.737398079028696
1.8571428571428572 -7.866513012144676 -7.759684173259783 -7.736693680668177 -7.736693680668177
1.873469387755102 -7.8654560144846375 -7.759384277655985 -7.735939640370481 -7.735939640370481
1.889795918367347 -7.864373411263952 -7.759081042477402 -7.735138911548795 -7.735138911548795
1.906122448979592 -7.863267264161335 -7.75877476615075 -7.734294469279586 -7.734294469279586
1.9224489795918367 -7.862139559099791 -7.7584656179143465 -7.733409280364117 -7.733409280364117
1.9387755102040818 -7.860992209552034 -7.758153669484837 -7.732486277216218 -7.732486277216218
1.9551020408163267 -7.859827059668061 -7.757838922091178 -7.731528336095911 -7.731528336095911
1.9714285714285715 -7.858645887232346 -7.757521328790345 -7.7305382597957 -7.7305382597957
1.9877551020408164 -7.857450406456023 -7.757200812284444 -7.729518764576271 -7.729518764576271
2.0040816326530613 -7.856242270609655 -7.756877278661122 -7.728472470946599 -7.728472470946599
2.0204081632653064 -7.855023074500869 -7.756550627587915 -7.727401897771799 -7.727401897771799
2.036734693877551 -7.853794356801288 -7.756220759529823 -7.726309459153322 -7.726309459153322
2.053061224489796 -7.852557602225842 -7.755887580545738 -7.725197463537349 -7.725197463537349
2.069387755102041 -7.851314243567906 -7.755551005175052 -7.724068114551092 -7.724068114551092
2.085714285714286 -7.850065663593014 -7.755210957863785 -7.722923513127988 -7.722923513127988
2.1020408163265305 -7.848813196793629 -7.754867373311004 -7.721765660549391 -7.721765660549391
2.1183673469387756 -7.8475581310077125 -7.754520196050199 -7.72059646209765 -7.72059646209765
2.1346938775510207 -7.8463017089031695 -7.754169379517322 -7.719417731075681 -7.719417731075681
2.1510204081632653 -7.845045129331129 -7.753814884804304 -7.718231193002866 -7.718231193002866
2.1673469387755104 -7.843789548550068 -7.753456679249703 -7.717038489841663 -7.717038489841663
2.183673469387755 -7.842536081324538 -7.753094734981738 -7.71584118414828 -7.71584118414828
2.2 -7.8412858019008755 -7.75272902749682 -7.714640763069837 -7.714640763069837
