1.4 -7.87393443204792 -7.756431153168181 -7.7298783797268475 -7.7298783797268475
1.4163265306122448 -7.874886304490711 -7.757517858869144 -7.73129118378867 -7.73129118378867
1.4326530612244897 -7.875701758823408 -7.7584779025795205 -7.732594300992237 -7.732594300992237
1.4489795918367345 -7.876387547601959 -7.759318873571738 -7.7337919194765545 -7.7337919194765545
1.4653061224489796 -7.876950102600355 -7.7600481107768005 -7.734887881843519 -7.734887881843519
1.4816326530612245 -7.8773955545020895 -7.760672725210063 -7.735885700719276 -7.735885700719276
1.4979591836734694 -7.877729751145316 -7.761199619927512 -7.73678857386117 -7.73678857386117
1.5142857142857142 -7.877958274435886 -7.761635507200195 -7.737599399355055 -7.737599399355055
1.530612244897959 -7.878086456032303 -7.761986922501989 -7.738320791523136 -7.738320791523136
1.546938775510204 -7.878119391896781 -7.762260234821356 -7.738955098229788 -7.738955098229788
1.5632653061224488 -7.878061955797822 -7.762461652744418 -7.739504420322364 -7.739504420322364
1.5795918367346937 -7.8779188118415595 -7.762597225732337 -7.739970633952472 -7.739970633952472
1.5959183673469388 -7.877694426101296 -7.762672840053385 -7.740355416471993 -7.740355416471993
1.6122448979591837 -7.877393077409102 -7.762694208956228 -7.740660276459739 -7.740660276459739
1.6285714285714286 -7.877018867367637 -7.762666856905474 -7.740886588187884 -7.740886588187884
1.6448979591836734 -7.876575729637228 -7.762596098061312 -7.741035630467903 -7.741035630467903
1.6612244897959183 -7.876067438549259 -7.762487009662443 -7.741108629326413 -7.741108629326413
1.6775510204081634 -7.875497617095779 -7.762344401540665 -7.7411068033867965 -7.7411068033867965
1.693877551020408 -7.874869744343058 -7.762172783587704 -7.741031410231427 -7.741031410231427
1.7102040816326531 -7.874187162315862 -7.761976333519196 -7.740883791488637 -7.740883791488637
1.726530612244898 -7.873453082397962 -7.761758867625901 -7.740665414037654 -7.740665414037654
1.7428571428571429 -7.872670591293473 -7.761523817263707 -7.740377904657593 -7.740377904657593
1.7591836734693878 -7.871842656591567 -7.76127421354595 -7.740023075729239 -7.740023075729239
1.7755102040816326 -7.870972131975272 -7.761012682061345 -7.739602940232862 -7.739602940232862
1.7918367346938777 -7.870061762112784 -7.760741448525355 -7.739119715196761 -7.739119715196761
1.8081632653061224 -7.869114187266004 -7.760462355220011 -7.738575813797138 -7.738575813797138
1.8244897959183675 -7.8681319476481955 -7.760176887064364 -7.737973827319451 -7.737973827319451
1.8408163265306123 -7.867117487558627 -7.7598862053445 -7.737316498998678 -7.737316498998678
1.8571428571428572 -7.8660731593177164 -7.759591186631849 -7.736606692250783 -7.736606692250783
1.873469387755102 -7.8650012270231935 -7.759292464269773 -7.735847355953286 -7.735847355953286
1.889795918367347 -7.863903870142893 -7.758990469977201 -7.735041489258257 -7.735041489258257
1.906122448979592 -7.862783186957101 -7.758685473521747 -7.734192108014083 -7.734192108014083
1.9224489795918367 -7.861641197859589 -7.758377618946449 -7.733302214336554 -7.733302214336554
1.9387755102040818 -7.860479848524376 -7.758066956394887 -7.732374770307028 -7.732374770307028
1.9551020408163267 -7.859301012941781 -7.7577534690898435 -7.7314126762598265 -7.7314126762598265
1.9714285714285715 -7.8581064963270935 -7.75743709543819 -7.730418753704145 -7.730418753704145
1.9877551020408164 -7.8568980379020905 -7.757117746536222 -7.7293957326193645 -7.7293957326193645
2.0040816326530613 -7.855677313549779 -7.756795319543396 -7.728346242668706 -7.728346242668706
2.0204081632653064 -7.854445938341232 -7.756469707491452 -7.72727280777491 -7.72727280777491
2.036734693877551 -7.853205468933742 -7.7561408061241055 -7.726177843473171 -7.726177843473171
2.053061224489796 -7.851957405838412 -7.755808518340139 -7.725063656476406 -7.725063656476406
2.069387755102041 -7.850703195556186 -7.755472756761328 -7.723932445940155 -7.723932445940155
2.085714285714286 -7.849444232580895 -7.755133444879042 -7.722786305980553 -7.722786305980553
2.1020408163265305 -7.848181861268451 -7.754790517160999 -7.721627229070362 -7.721627229070362
2.1183673469387756 -7.846917377571751 -7.754443918431169 -7.720457110007746 -7.720457110007746
2.1346938775510207 -7.845652030640952 -7.75409360277128 -7.719277750214792 -7.719277750214792
2.1510204081632653 -7.844387024290005 -7.753739532138639 -7.718090862178229 -7.718090862178229
2.1673469387755104 -7.843123518329767 -7.753381674847961 -7.716898073890289 -7.716898073890289
2.183673469387755 -7.841862629770285 -7.753020004028182 -7.7157009331863575 -7.7157009331863575
2.2 -7.840605433893673 -7.752654496133624 -7.714500911905122 -7.714500911905122
