1.4 -7.874030400633018 -7.756097218483673 -7.729845469383074 -7.729845469383074
1.4163265306122448 -7.874989291153348 -7.757175195611272 -7.731254292539507 -7.731254292539507
1.4326530612244897 -7.875812164635791 -7.758126667803098 -7.73255300828505 -7.73255300828505
1.4489795918367345 -7.876505787696061 -7.758959261756108 -7.7337457457860275 -7.7337457457860275
1.4653061224489796 -7.877076604837371 -7.75968035871228 -7.734836282407014 -7.734836282407014
1.4816326530612245 -7.877530757804481 -7.7602971171577515 -7.735828058864458 -7.735828058864458
1.4979591836734694 -7.8778741034820365 -7.760816492941493 -7.736724194037516 -7.736724194037516
1.5142857142857142 -7.878112230459748 -7.761245256443007 -7.737527500043084 -7.737527500043084
1.530612244897959 -7.878250474378066 -7.761590006313282 -7.738240498271187 -7.738240498271187
1.546938775510204 -7.878293932159404 -7.761857179217278 -7.738865437156119 -7.738865437156119
1.5632653061224488 -7.878247475221692 -7.762053054936738 -7.739404312514549 -7.739404312514549
1.5795918367346937 -7.878115761763269 -7.762183756170735 -7.739858891287139 -7.739858891287139
1.5959183673469388 -7.877903248199602 -7.7622552424269 -7.740230739451042 -7.740230739451042
1.6122448979591837 -7.8776141998258415 -7.762273297558943 -7.740521254694488 -7.740521254694488
1.6285714285714286 -7.877252700771594 -7.76224351080165 -7.740731704136624 -7.740731704136624
1.6448979591836734 -7.876822663308844 -7.762171251597217 -7.740863266921985 -7.740863266921985
1.6612244897959183 -7.876327836566993 -7.762061639084016 -7.740917080929556 -7.740917080929556
1.6775510204081634 -7.875771814704655 -7.761919507787967 -7.740894292159441 -7.740894292159441
1.693877551020408 -7.875158044582367 -7.761749371729069 -7.740796104677044 -7.740796104677044
1.7102040816326531 -7.874489832975999 -7.761555389714631 -7.740623828428407 -7.740623828428407
1.726530612244898 -7.873770353366793 -7.7613413349013705 -7.740378921921594 -7.740378921921594
1.7428571428571429 -7.873002652340353 -7.76111057165816 -7.740063026813745 -7.740063026813745
1.7591836734693878 -7.872189655623469 -7.760866042290947 -7.739677991905957 -7.739677991905957
1.7755102040816326 -7.8713341737847955 -7.760610265332711 -7.739225884902564 -7.739225884902564
1.7918367346938777 -7.870438907623096 -7.760345345972928 -7.738708991414617 -7.738708991414617
1.8081632653061224 -7.869506453263725 -7.760072997990956 -7.738129801891841 -7.738129801891841
1.8244897959183675 -7.86853930698258 -7.759794575474899 -7.73749098824748 -7.73749098824748
1.8408163265306123 -7.867539869774551 -7.759511111822325 -7.736795372721274 -7.736795372721274
1.8571428571428572 -7.866510451681327 -7.759223363128174 -7.736045891912525 -7.736045891912525
1.873469387755102 -7.8654532758928815 -7.75893185307542 -7.735245558903884 -7.735245558903884
1.889795918367347 -7.864370482634341 -7.758636916780591 -7.734397426055053 -7.734397426055053
1.906122448979592 -7.863264132849516 -7.758338741596079 -7.733504550494213 -7.733504550494213
1.9224489795918367 -7.862136211690687 -7.758037403506842 -7.732569963696469 -7.732569963696469
1.9387755102040818 -7.860988631823582 -7.757732898376205 -7.7315966459198755 -7.7315966459198755
1.9551020408163267 -7.859823236554761 -7.757425167820477 -7.730587505740735 -7.730587505740735
1.9714285714285715 -7.858641802788887 -7.757114119893398 -7.7295453645291605 -7.7295453645291605
1.9877551020408164 -7.85744604382128 -7.756799645028863 -7.728472945434187 -7.728472945434187
2.0040816326530613 -7.85623761197144 -7.756481627842668 -7.727372866295223 -7.727372866295223
2.0204081632653064 -7.855018101061858 -7.75615995545233 -7.726247635835643 -7.726247635835643
2.036734693877551 -7.853789048746596 -7.755834522967348 -7.725099652500981 -7.725099652500981
2.053061224489796 -7.852551938692791 -7.755505236751568 -7.723931205351329 -7.723931205351329
2.069387755102041 -7.8513082026186245 -7.755172015987795 -7.722744476489752 -7.722744476489752
2.085714285714286 -7.850059222190496 -7.754834792993444 -7.7215415445876046 -7.7215415445876046
2.1020408163265305 -7.848806330782072 -7.754493512655421 -7.720324389146916 -7.720324389146916
2.1183673469387756 -7.847550815097902 -7.75414813127942 -7.719094895213157 -7.719094895213157
2.1346938775510207 -7.846293916663815 -7.753798615083014 -7.717854858314817 -7.717854858314817
2.1510204081632653 -7.845036833187132 -7.75344493850838 -7.716605989460686 -7.716605989460686
2.1673469387755104 -7.8437807197886995 -7.753087082484746 -7.7153499200687135 -7.7153499200687135
2.183673469387755 -7.842526690110603 -7.752725032736049 -7.7140882067368395 -7.7140882067368395
2.2 -7.841275817301969 -7.752358778199604 -7.712822335791834 -7.712822335791834
