1.4 -7.873555366708191 -7.755565741233837 -7.7288026711891264 -7.7288026711891264
1.4163265306122448 -7.874490375169849 -7.756615539036323 -7.730198971012917 -7.730198971012917
1.4326530612244897 -7.8752891545596855 -7.757538115043958 -7.7314857339105645 -7.7314857339105645
1.4489795918367345 -7.875958520125041 -7.758341093154176 -7.732667154567247 -7.732667154567247
1.4653061224489796 -7.876504963289442 -7.759031847151758 -7.733747077549096 -7.733747077549096
1.4816326530612245 -7.876934670944334 -7.759617523871471 -7.7347290119676755 -7.7347290119676755
1.4979591836734694 -7.877253543306127 -7.760105064066341 -7.735616145539764 -7.735616145539764
1.5142857142857142 -7.877467210459387 -7.760501220666337 -7.736411358591514 -7.736411358591514
1.530612244897959 -7.877581047698134 -7.760812574005284 -7.737117238647625 -7.737117238647625
1.546938775510204 -7.877600189768292 -7.761045543487107 -7.737736096335401 -7.737736096335401
1.5632653061224488 -7.877529544106158 -7.761206395071344 -7.738269983411313 -7.738269983411313
1.5795918367346937 -7.877373803160073 -7.7613012438994655 -7.738720713760494 -7.738720713760494
1.5959183673469388 -7.877137455873687 -7.761336051383774 -7.739089888204798 -7.739089888204798
1.6122448979591837 -7.876824798403349 -7.7613166161716505 -7.739378923851972 -7.739378923851972
1.6285714285714286 -7.876439944134001 -7.761248558607661 -7.739589088495355 -7.739589088495355
1.6448979591836734 -7.875986833053247 -7.761137298671914 -7.739721540207562 -7.739721540207562
1.6612244897959183 -7.875469240536045 -7.760988027878619 -7.7397773717538545 -7.7397773717538545
1.6775510204081634 -7.874890785588562 -7.7608056762558695 -7.739757658806053 -7.739757658806053
1.693877551020408 -7.874254938594227 -7.760594876231429 -7.739663510224333 -7.739663510224333
1.7102040816326531 -7.873565028601007 -7.76035992591964 -7.739496117996071 -7.739496117996071
1.726530612244898 -7.872824250184986 -7.760104754808129 -7.739256803910612 -7.739256803910612
1.7428571428571429 -7.872035669922045 -7.759832895042541 -7.7389470598423955 -7.7389470598423955
1.7591836734693878 -7.871202232495994 -7.7595474613010165 -7.7385685787157925 -7.7385685787157925
1.7755102040816326 -7.87032676646868 -7.759251141606697 -7.738123273862461 -7.738123273862461
1.7918367346938777 -7.869411989735391 -7.758946200413767 -7.737613285491046 -7.737613285491046
1.8081632653061224 -7.868460514685958 -7.758634494074061 -7.737040974211321 -7.737040974211321
1.8244897959183675 -7.867474853090181 -7.758317497562061 -7.736408902781394 -7.736408902781394
1.8408163265306123 -7.8664574207244335 -7.757996340313182 -7.735719808264653 -7.735719808264653
1.8571428571428572 -7.865410541753646 -7.757671848368637 -7.734976567440104 -7.734976567440104
1.873469387755102 -7.864336452882698 -7.7573445897856885 -7.734182158542082 -7.734182158542082
1.889795918367347 -7.863237307288191 -7.757014920431333 -7.7333396222397885 -7.7333396222397885
1.906122448979592 -7.862115178341419 -7.756683027736305 -7.7324520243056805 -7.7324520243056805
1.9224489795918367 -7.860972063131534 -7.756348970610299 -7.731522421791881 -7.731522421791881
1.9387755102040818 -7.859809885797175 -7.756012714385389 -7.730553833865159 -7.730553833865159
1.9551020408163267 -7.858630500673311 -7.75567416026183 -7.729549217837104 -7.729549217837104
1.9714285714285715 -7.857435695260491 -7.755333169225098 -7.7285114504315615 -7.7285114504315615
1.9877551020408164 -7.856227193021776 -7.754989580758129 -7.727443313972539 -7.727443313972539
2.0040816326530613 -7.855006656013428 -7.754643226897476 -7.7263474869538165 -7.7263474869538165
2.0204081632653064 -7.853775687354393 -7.754293942296218 -7.725226538341305 -7.725226538341305
2.036734693877551 -7.852535833540356 -7.7539415709882435 -7.724082924936162 -7.724082924936162
2.053061224489796 -7.85128858660694 -7.753585970523529 -7.722918991159941 -7.722918991159941
2.069387755102041 -7.850035386147149 -7.7532270140861685 -7.721736970691012 -7.721736970691012
2.085714285714286 -7.8487776211870415 -7.752864591129528 -7.720538989463485 -7.720538989463485
2.1020408163265305 -7.847516631922818 -7.752498606977638 -7.719327069621858 -7.719327069621858
2.1183673469387756 -7.846253711321416 -7.7521289817551535 -7.718103134100432 -7.718103134100432
2.1346938775510207 -7.844990106585735 -7.751755648922128 -7.71686901155857 -7.71686901155857
2.1510204081632653 -7.84372702048506 -7.751378553610255 -7.715626441452798 -7.715626441452798
2.1673469387755104 -7.84246561255053 -7.750997650879858 -7.714377079058153 -7.714377079058153
2.183673469387755 -7.841207000137696 -7.750612903936387 -7.713122500259151 -7.713122500259151
2.2 -7.839952259360659 -7.750224282214765 -7.711864205878584 -7.711864205878584
