1.4 -7.873556770276494 -7.756094550189067 -7.728841963641372 -7.728841963641372
1.4163265306122448 -7.87449188404661 -7.75716440547643 -7.730243080632827 -7.730243080632827
1.4326530612244897 -7.875290775844211 -7.758107058518251 -7.731535288826477 -7.731535288826477
1.4489795918367345 -7.87596026137964 -7.75893005782914 -7.732722866898786 -7.732722866898786
1.4653061224489796 -7.87650683254838 -7.759640691753652 -7.7338097540783926 -7.7338097540783926
1.4816326530612245 -7.876936676721903 -7.7602460107881095 -7.734799565648636 -7.734799565648636
1.4979591836734694 -7.8772556946045675 -7.760752847752618 -7.7356956076977905 -7.7356956076977905
1.5142857142857142 -7.877469516776374 -7.761167835595986 -7.736500891567246 -7.736500891567246
1.530612244897959 -7.877583519034118 -7.761497422536787 -7.737218148513551 -7.737218148513551
1.546938775510204 -7.877602836633599 -7.7617478841626095 -7.7378498451631845 -7.7378498451631845
1.5632653061224488 -7.877532377527911 -7.761925332039945 -7.738398200395455 -7.738398200395455
1.5795918367346937 -7.877376834688906 -7.762035718338745 -7.738865204321541 -7.738865204321541
1.5959183673469388 -7.87714069759047 -7.76208483596637 -7.7392526400229755 -7.7392526400229755
1.6122448979591837 -7.876828262925621 -7.762078313756252 -7.739562108648809 -7.739562108648809
1.6285714285714286 -7.876443644622635 -7.7620216063882115 -7.739795058327681 -7.739795058327681
1.6448979591836734 -7.875990783219159 -7.761919978947734 -7.739952817108992 -7.739952817108992
1.6612244897959183 -7.87547345464723 -7.761778486369531 -7.740036629797441 -7.740036629797441
1.6775510204081634 -7.8748952784774895 -7.76160194845068 -7.740047698097953 -7.740047698097953
1.693877551020408 -7.874259725665764 -7.761394921626236 -7.73998722297017 -7.73998722297017
1.7102040816326531 -7.8735701258410815 -7.7611616692179775 -7.739856447566011 -7.739856447566011
1.726530612244898 -7.872829674169835 -7.760906132311685 -7.739656698672135 -7.739656698672135
1.7428571428571429 -7.872041437828381 -7.7606319036938745 -7.739389424297393 -7.739389424297393
1.7591836734693878 -7.871208362111745 -7.76034220729805 -7.739056225018943 -7.739056225018943
1.7755102040816326 -7.870333276204479 -7.760039885323658 -7.738658876983609 -7.738658876983609
1.7918367346938777 -7.869418898636707 -7.759727394600296 -7.7381993450458015 -7.7381993450458015
1.8081632653061224 -7.868467842445427 -7.759406812945695 -7.7376797853423165 -7.7376797853423165
1.8244897959183675 -7.867482620060406 -7.7590798553341624 -7.737102537533829 -7.737102537533829
1.8408163265306123 -7.866465647930574 -7.7587478987979654 -7.736470107830186 -7.736470107830186
1.8571428571428572 -7.865419250905993 -7.758412014272034 -7.735785144627555 -7.735785144627555
1.873469387755102 -7.864345666388901 -7.7580730031521785 -7.735050409020528 -7.735050409020528
1.889795918367347 -7.863247048265192 -7.757731436204239 -7.7342687425815395 -7.7342687425815395
1.906122448979592 -7.86212547062707 -7.757387692607242 -7.7334430346502545 -7.7334430346502545
1.9224489795918367 -7.86098293129604 -7.757041997266614 -7.7325761910190165 -7.7325761910190165
1.9387755102040818 -7.859821355154721 -7.7566944550020605 -7.73167110542782 -7.73167110542782
1.9551020408163267 -7.858642597294137 -7.75634508071147 -7.730730634779967 -7.730730634779967
1.9714285714285715 -7.857448445983963 -7.755993825071886 -7.729757578529585 -7.729757578529585
1.9877551020408164 -7.856240625470559 -7.755640595714008 -7.728754662309901 -7.728754662309901
2.0040816326530613 -7.855020798608934 -7.755285274088356 -7.727724525593577 -7.727724525593577
2.0204081632653064 -7.853790569333135 -7.75492772842286 -7.726669712992603 -7.726669712992603
2.036734693877551 -7.8525514849701485 -7.754567823275512 -7.725592668709972 -7.725592668709972
2.053061224489796 -7.851305038401331 -7.754205426222864 -7.724495733622087 -7.724495733622087
2.069387755102041 -7.850052670075821 -7.753840412221461 -7.723381144485811 -7.723381144485811
2.085714285714286 -7.848795769879337 -7.7534726661440505 -7.722251034803307 -7.722251034803307
2.1020408163265305 -7.847535678861445 -7.753102083941211 -7.721107436932263 -7.721107436932263
2.1183673469387756 -7.84627369082424 -7.75272857281706 -7.7199522850856654 -7.7199522850856654
2.1346938775510207 -7.845011053773725 -7.75235205073898 -7.718787418918814 -7.718787418918814
2.1510204081632653 -7.843748971236514 -7.7519724455328545 -7.717614587449324 -7.717614587449324
2.1673469387755104 -7.8424886034430115 -7.751589693745767 -7.716435453090877 -7.716435453090877
2.183673469387755 -7.8412310683811235 -7.751203739391101 -7.715251595595816 -7.715251595595816
2.2 -7.839977442726921 -7.750814532612024 -7.7140645156581416 -7.7140645156581416
