1.4 -7.873556761563064 -7.756090573335405 -7.728841679303634 -7.728841679303634
1.4163265306122448 -7.874491874433802 -7.757160153474117 -7.730242750906304 -7.730242750906304
1.4326530612244897 -7.875290765236351 -7.758102517019062 -7.731534906271546 -7.731534906271546
1.4489795918367345 -7.875960249670882 -7.7589252122973935 -7.732722422818464 -7.732722422818464
1.4653061224489796 -7.876506819621877 -7.759635527641559 -7.733809238312554 -7.733809238312554
1.4816326530612245 -7.876936662449174 -7.760240513741078 -7.734798966340224 -7.734798966340224
1.4979591836734694 -7.877255678844601 -7.76074700384512 -7.735694911029358 -7.735694911029358
1.5142857142857142 -7.877469499374875 -7.761161631598463 -7.736500081467302 -7.736500081467302
1.530612244897959 -7.877583499822637 -7.761490846212446 -7.737217206333702 -7.737217206333702
1.546938775510204 -7.877602815428666 -7.761740924591184 -7.737848749328913 -7.737848749328913
1.5632653061224488 -7.877532354130202 -7.7619179799628855 -7.73839692603616 -7.73839692603616
1.5795918367346937 -7.877376808882338 -7.762027966516934 -7.738863722888716 -7.738863722888716
1.5959183673469388 -7.8771406691412835 -7.762076679537452 -7.739250918909147 -7.739250918909147
1.6122448979591837 -7.876828231581571 -7.762069750574833 -7.73956011082428 -7.73956011082428
1.6285714285714286 -7.87644361011207 -7.762012637327604 -7.739792742015842 -7.739792742015842
1.6448979591836734 -7.8759907452501485 -7.761910608138978 -7.739950135524108 -7.739950135524108
1.6612244897959183 -7.875473412906693 -7.761768721351661 -7.74003353097079 -7.74003353097079
1.6775510204081634 -7.874895232630359 -7.761591800207189 -7.740044124816968 -7.740044124816968
1.693877551020408 -7.874259675354193 -7.761384404486595 -7.739983112851182 -7.739983112851182
1.7102040816326531 -7.873570070683568 -7.761150800611161 -7.739851733273515 -7.739851733273515
1.726530612244898 -7.872829613760519 -7.760894932369815 -7.739651308286351 -7.739651308286351
1.7428571428571429 -7.872041371736243 -7.760620394717559 -7.739383281818218 -7.739383281818218
1.7591836734693878 -7.871208289879976 -7.760330413109572 -7.739049250980835 -7.739049250980835
1.7755102040816326 -7.870333197349891 -7.760027830546095 -7.738650989143126 -7.738650989143126
1.7918367346938777 -7.8694188126491955 -7.7597151039095 -7.738190459095852 -7.738190459095852
1.8081632653061224 -7.868467748787697 -7.759394310344747 -7.737669815604305 -7.737669815604305
1.8244897959183675 -7.867482518167709 -7.759067163496102 -7.737091397582254 -7.737091397582254
1.8408163265306123 -7.866465537210854 -7.758735038514516 -7.73645771101401 -7.73645771101401
1.8571428571428572 -7.86541913074022 -7.758399004032372 -7.735771404464341 -7.735771404464341
1.873469387755102 -7.864345536131773 -7.758059858862456 -7.735035239454191 -7.735035239454191
1.889795918367347 -7.863246907246181 -7.757718171044654 -7.734252058107091 -7.734252058107091
1.906122448979592 -7.8621253181519 -7.757374317012959 -7.733424750319849 -7.733424750319849
1.9224489795918367 -7.8609827666485375 -7.757028519010811 -7.732556222350178 -7.732556222350178
1.9387755102040818 -7.859821177599008 -7.756680879355709 -7.731649368238321 -7.731649368238321
1.9551020408163267 -7.858642406077036 -7.756331410653093 -7.730707044973904 -7.730707044973904
1.9714285714285715 -7.857448240337304 -7.7559800615219485 -7.7297320518567885 -7.7297320518567885
1.9877551020408164 -7.856240404613306 -7.7556267377721495 -7.728727114117867 -7.728727114117867
2.0040816326530613 -7.85502056174858 -7.755271319255023 -7.72769487058616 -7.72769487058616
2.0204081632653064 -7.85379031566607 -7.754913672792637 -7.726637865006294 -7.726637865006294
2.036734693877551 -7.852551213680606 -7.754553661694265 -7.725558540514648 -7.725558540514648
2.053061224489796 -7.851304748658678 -7.7541911524067295 -7.724459236750775 -7.724459236750775
2.069387755102041 -7.850052361030025 -7.75382601884055 -7.723342189095801 -7.723342189095801
2.085714285714286 -7.848795440654843 -7.753458144878423 -7.722209529570476 -7.722209529570476
2.1020408163265305 -7.847535328549868 -7.753087425519082 -7.721063288979725 -7.721063288979725
2.1183673469387756 -7.846273318476238 -7.752713767045716 -7.719905399947751 -7.719905399947751
2.1346938775510207 -7.845010658390842 -7.752337086536869 -7.7187377005411095 -7.7187377005411095
2.1510204081632653 -7.84374855176325 -7.751957310966345 -7.717561938224485 -7.717561938224485
2.1673469387755104 -7.842488158758853 -7.7515743760653875 -7.716379773927861 -7.716379773927861
2.183673469387755 -7.841230597291165 -7.751188225047821 -7.715192786017793 -7.715192786017793
2.2 -7.839976943946048 -7.750798807200346 -7.714002473922871 -7.714002473922871
