1.4 -7.873933998491888 -7.756018198668678 -7.729835614134429 -7.729835614134429
1.4163265306122448 -7.874885834584994 -7.757090893924018 -7.731243670612647 -7.731243670612647
1.4326530612244897 -7.875701249771263 -7.758036891358588 -7.732541435158184 -7.732541435158184
1.4489795918367345 -7.87638699638678 -7.758863832060334 -7.733733014476 -7.733733014476
1.4653061224489796 -7.876949505969425 -7.75957911658998 -7.734822159600884 -7.734822159600884
1.4816326530612245 -7.877394908949676 -7.760189928276594 -7.735812280746398 -7.735812280746398
1.4979591836734694 -7.877729052895175 -7.760703253873916 -7.736706461879444 -7.736706461879444
1.5142857142857142 -7.877957519423225 -7.76112590115761 -7.737507475670134 -7.737507475670134
1.530612244897959 -7.878085639885276 -7.761464512926153 -7.73821779956596 -7.73821779956596
1.546938775510204 -7.878118509917645 -7.761725576761307 -7.7388396338285474 -7.7388396338285474
1.5632653061224488 -7.87806100294376 -7.761915429826613 -7.739374922434166 -7.739374922434166
1.5795918367346937 -7.877917782705338 -7.762040257959522 -7.739825377745642 -7.739825377745642
1.5959183673469388 -7.8776933148917765 -7.762106088376761 -7.7401925097860715 -7.7401925097860715
1.6122448979591837 -7.877391877931693 -7.762118775498353 -7.740477660745958 -7.740477660745958
1.6285714285714286 -7.877017573004757 -7.762083979731845 -7.7406820450082385 -7.7406820450082385
1.6448979591836734 -7.876574333328779 -7.762007139560932 -7.740806794464338 -7.740806794464338
1.6612244897959183 -7.876065932773172 -7.761893437934675 -7.740853008232286 -7.740853008232286
1.6775510204081634 -7.875495993848572 -7.761747764704132 -7.740821805132518 -7.740821805132518
1.693877551020408 -7.874867995120411 -7.761574677598041 -7.740714376524996 -7.740714376524996
1.7102040816326531 -7.874185278093126 -7.761378364831443 -7.7405320365038754 -7.7405320365038754
1.726530612244898 -7.8734510536105455 -7.761162612749444 -7.740276266133663 -7.740276266133663
1.7428571428571429 -7.872668407816999 -7.7609307817965725 -7.739948748517822 -7.739948748517822
1.7591836734693878 -7.871840307721691 -7.760685793517501 -7.73955139207116 -7.73955139207116
1.7755102040816326 -7.870969606407066 -7.760430130284637 -7.7390863403729835 -7.7390863403729835
1.7918367346938777 -7.8700590479195585 -7.760165848164551 -7.738555968257523 -7.738555968257523
1.8081632653061224 -7.869111271877477 -7.759894601998741 -7.737962865128615 -7.737962865128615
1.8244897959183675 -7.868128817827923 -7.759617680620497 -7.737309807634913 -7.737309807634913
1.8408163265306123 -7.867114129380643 -7.759336049339945 -7.736599724626469 -7.736599724626469
1.8571428571428572 -7.866069558142331 -7.759050396491863 -7.73583565764394 -7.73583565764394
1.873469387755102 -7.86499736747197 -7.75876118094362 -7.735020720086149 -7.735020720086149
1.889795918367347 -7.8638997360728355 -7.758468677902492 -7.734158057752112 -7.734158057752112
1.906122448979592 -7.862778761434156 -7.758173021008368 -7.7332508128039175 -7.7332508128039175
1.9224489795918367 -7.861636463131594 -7.75787423940701 -7.732302092481749 -7.732302092481749
1.9387755102040818 -7.860474785993615 -7.757572289161776 -7.731314943237394 -7.731314943237394
1.9551020408163267 -7.859295603137441 -7.757267078905511 -7.730292330402686 -7.730292330402686
1.9714285714285715 -7.858100718877877 -7.75695849003444 -7.729237123109282 -7.729237123109282
1.9877551020408164 -7.856891871509349 -7.756646391998816 -7.728152083917869 -7.728152083917869
2.0040816326530613 -7.8556707359616045 -7.756330653376927 -7.727039862482849 -7.727039862482849
2.0204081632653064 -7.854438926327966 -7.756011149455225 -7.725902992539292 -7.725902992539292
2.036734693877551 -7.853197998265443 -7.755687767010555 -7.724743891525719 -7.724743891525719
2.053061224489796 -7.8519494512649235 -7.755360406923051 -7.723564862220933 -7.723564862220933
2.069387755102041 -7.8506947307904245 -7.755028985163742 -7.722368095857867 -7.722368095857867
2.085714285714286 -7.849435230286165 -7.754693432610504 -7.721155676266841 -7.721155676266841
2.1020408163265305 -7.848172293050539 -7.754353694058889 -7.719929584686334 -7.719929584686334
2.1183673469387756 -7.846907213976708 -7.7540097267178805 -7.718691704956617 -7.718691704956617
2.1346938775510207 -7.845641241159467 -7.753661498412691 -7.717443828877791 -7.717443828877791
2.1510204081632653 -7.84437557736937 -7.75330898566226 -7.716187661568729 -7.716187661568729
2.1673469387755104 -7.843111381394468 -7.7529521717536145 -7.7149248267076596 -7.7149248267076596
2.183673469387755 -7.8418497692522795 -7.752591044900897 -7.713656871570753 -7.713656871570753
2.2 -7.840591815273405 -7.752225596548033 -7.712385271810955 -7.712385271810955
