1.4 -7.873556770220515 -7.756094517123495 -7.728841961263584 -7.728841961263584
1.4163265306122448 -7.874491883983401 -7.757164369199234 -7.730243077795605 -7.730243077795605
1.4326530612244897 -7.875290775772739 -7.758107018728044 -7.731535285437855 -7.731535285437855
1.4489795918367345 -7.8759602612987525 -7.758930014201147 -7.732722862847786 -7.732722862847786
1.4653061224489796 -7.8765068324566965 -7.759640643940328 -7.733809749231146 -7.733809749231146
1.4816326530612245 -7.876936676617904 -7.760245958420514 -7.734799559843863 -7.734799559843863
1.4979591836734694 -7.877255694486481 -7.760752790442275 -7.735695600741455 -7.735695600741455
1.5142857142857142 -7.877469516642228 -7.761167772937611 -7.736500883226298 -7.736500883226298
1.530612244897959 -7.87758351888166 -7.761497354111829 -7.7372181385086884 -7.7372181385086884
1.546938775510204 -7.8776028364602775 -7.7617478095437535 -7.737849833160607 -7.737849833160607
1.5632653061224488 -7.877532377330857 -7.761925250796603 -7.738398185997552 -7.738398185997552
1.5795918367346937 -7.8773768344649095 -7.762035630043542 -7.7388651870565335 -7.7388651870565335
1.5959183673469388 -7.877140697335887 -7.76208474020244 -7.739252619333547 -7.739252619333547
1.6122448979591837 -7.876828262636424 -7.762078210125424 -7.739562083880072 -7.739562083880072
1.6285714285714286 -7.876443644294326 -7.762021494519563 -7.7397950287146795 -7.7397950287146795
1.6448979591836734 -7.875990782846726 -7.761919858506231 -7.739952781764001 -7.739952781764001
1.6612244897959183 -7.875473454225109 -7.761778357064283 -7.740036587697805 -7.740036587697805
1.6775510204081634 -7.8748952779995 -7.761601810042225 -7.740047648074902 -7.740047648074902
1.693877551020408 -7.874259725125136 -7.761394773932272 -7.739987163699258 -7.739987163699258
1.7102040816326531 -7.873570125230304 -7.761161512116898 -7.739856377559725 -7.739856377559725
1.726530612244898 -7.87282967348071 -7.7609059657435955 -7.739656616275301 -7.739656616275301
1.7428571428571429 -7.872041437051872 -7.760631727658699 -7.739389327685453 -7.739389327685453
1.7591836734693878 -7.871208361238014 -7.760342021850874 -7.739056112199454 -7.739056112199454
1.7755102040816326 -7.87033327522282 -7.76003969056743 -7.738658745800498 -7.738658745800498
1.7918367346938777 -7.869418897535447 -7.759727190676526 -7.738199193186147 -7.738199193186147
1.8081632653061224 -7.868467841211983 -7.759406600024007 -7.737679610345097 -7.737679610345097
1.8244897959183675 -7.867482618681151 -7.759079633601218 -7.737102336799602 -7.737102336799602
1.8408163265306123 -7.8664656463908855 -7.758747668447181 -7.736469878631662 -7.736469878631662
1.8571428571428572 -7.865419249190221 -7.758411775494318 -7.73578488411998 -7.73578488411998
1.873469387755102 -7.864345664480409 -7.758072756128674 -7.735050114251921 -7.735050114251921
1.889795918367347 -7.8632470461463555 -7.757731181101113 -7.7342684105024295 -7.7342684105024295
1.906122448979592 -7.862125468279355 -7.757387429572877 -7.733442662123145 -7.733442662123145
1.9224489795918367 -7.860982928700114 -7.75704172643087 -7.732575774827636 -7.732575774827636
1.9387755102040818 -7.859821352290576 -7.756694176477377 -7.7316706422863035 -7.7316706422863035
1.9551020408163267 -7.85864259414128 -7.756344794595229 -7.730730121342087 -7.730730121342087
1.9714285714285715 -7.857448442521564 -7.755993531449187 -7.729757011397522 -7.729757011397522
1.9877551020408164 -7.856240621677669 -7.7556402946605285 -7.728754038042427 -7.728754038042427
2.0040816326530613 -7.855020794464713 -7.755284965672105 -7.727723840712373 -7.727723840712373
2.0204081632653064 -7.853790564816977 -7.754927412704383 -7.726668963985748 -7.726668963985748
2.036734693877551 -7.852551480061776 -7.754567500305955 -7.725591852031143 -7.725591852031143
2.053061224489796 -7.851305033080844 -7.754205096039744 -7.724494845684478 -7.724494845684478
2.069387755102041 -7.850052664323528 -7.753840074842176 -7.72338018164966 -7.72338018164966
2.085714285714286 -7.848795763675549 -7.753472321557758 -7.722249993357333 -7.722249993357333
2.1020408163265305 -7.847535672186148 -7.753101732099897 -7.721106313069476 -7.721106313069476
2.1183673469387756 -7.846273683656613 -7.752728213626577 -7.719951074875164 -7.719951074875164
2.1346938775510207 -7.845011046091643 -7.752351684051048 -7.718786118275266 -7.718786118275266
2.1510204081632653 -7.843748963015984 -7.751972071138305 -7.717613192101596 -7.717613192101596
2.1673469387755104 -7.8424885946575555 -7.751589311368319 -7.716433958549165 -7.716433958549165
2.183673469387755 -7.841231059001044 -7.751203348679554 -7.715249997112658 -7.715249997112658
2.2 -7.839977432717999 -7.750814133124 -7.714062808166843 -7.714062808166843
