1.4 -7.8739344327193 -7.756432311006888 -7.729878526021135 -7.729878526021135
1.4163265306122448 -7.874886305248392 -7.757519103992612 -7.731291352201867 -7.731291352201867
1.4326530612244897 -7.8757017596778285 -7.7584792398674605 -7.732594495062 -7.732594495062
1.4489795918367345 -7.876387548564819 -7.759320307973427 -7.73379214333186 -7.73379214333186
1.4653061224489796 -7.876950103684735 -7.760049647262276 -7.734888140302144 -7.734888140302144
1.4816326530612245 -7.877395555722631 -7.760674368709521 -7.735885999399032 -7.735885999399032
1.4979591836734694 -7.877729752518381 -7.761201375258009 -7.7367889193056865 -7.7367889193056865
1.5142857142857142 -7.877958275979772 -7.761637378978821 -7.737599799174492 -7.737599799174492
1.530612244897959 -7.878086457767423 -7.76198891504591 -7.738321254549536 -7.738321254549536
1.546938775510204 -7.878119393845922 -7.762262352035455 -7.738955634685848 -7.738955634685848
1.5632653061224488 -7.8780619579863735 -7.762463897998858 -7.739505042001123 -7.739505042001123
1.5795918367346937 -7.877918814297795 -7.7625996017336725 -7.739971354404026 -7.739971354404026
1.5959183673469388 -7.8776944288566515 -7.7626753487146765 -7.74035625119154 -7.74035625119154
1.6122448979591837 -7.877393080498503 -7.762696851273334 -7.7406612430695425 -7.7406612430695425
1.6285714285714286 -7.8770188708298114 -7.762669632848523 -7.740887706604216 -7.740887706604216
1.6448979591836734 -7.876575733515077 -7.762599006491119 -7.741036923042674 -7.741036923042674
1.6612244897959183 -7.876067442890244 -7.7624900482824915 -7.741110120953223 -7.741110120953223
1.6775510204081634 -7.875497621952295 -7.762347566894071 -7.741108521561809 -7.741108521561809
1.693877551020408 -7.874869749772892 -7.7621760711064445 -7.741033385062038 -7.741033385062038
1.7102040816326531 -7.874187168382631 -7.761979737628865 -7.740886055646586 -7.740886055646586
1.726530612244898 -7.873453089171602 -7.761762381904771 -7.740668002658362 -7.740668002658362
1.7428571428571429 -7.8726705988507435 -7.7615274346489995 -7.740380855192901 -7.740380855192901
1.7591836734693878 -7.871842665016596 -7.761277926575255 -7.740026427766014 -7.740026427766014
1.7755102040816326 -7.87097214136012 -7.761016483133291 -7.739606735293659 -7.739606735293659
1.7918367346938777 -7.870061772558051 -7.760745330161573 -7.739123996540796 -7.739123996540796
1.8081632653061224 -7.869114198881468 -7.760466310311243 -7.738580626239215 -7.738580626239215
1.8244897959183675 -7.868131960553489 -7.760180909085758 -7.737979217081739 -7.737979217081739
1.8408163265306123 -7.867117501883956 -7.759890288529995 -7.73732251360599 -7.73732251360599
1.8571428571428572 -7.866073175204619 -7.759595326101847 -7.736613380474859 -7.736613380474859
1.873469387755102 -7.865001244625338 -7.759296656111846 -7.735854767806691 -7.735854767806691
1.889795918367347 -7.863903889626934 -7.758994711283133 -7.735049676034221 -7.735049676034221
1.906122448979592 -7.862783208503567 -7.758689762387309 -7.7342011223657 -7.7342011223657
1.9224489795918367 -7.861641221663846 -7.75838195444162 -7.733312110387211 -7.733312110387211
1.9387755102040818 -7.860479874797601 -7.758071338512841 -7.732385603783238 -7.732385603783238
1.9551020408163267 -7.859301041912033 -7.757757898682138 -7.731424504638143 -7.731424504638143
1.9714285714285715 -7.858106528240388 -7.7574415741429235 -7.7304316363647585 -7.7304316363647585
1.9877551020408164 -7.85689807302357 -7.757122276704206 -7.7294097309999605 -7.7294097309999605
2.0040816326530613 -7.855677352164882 -7.75679990416639 -7.728361420413639 -7.728361420413639
2.0204081632653064 -7.854445980756941 -7.756474350134924 -7.72728923087546 -7.72728923087546
2.036734693877551 -7.853205515479849 -7.7561455108661885 -7.726195580395748 -7.726195580395748
2.053061224489796 -7.851957456868824 -7.755813289717619 -7.725082778276225 -7.725082778276225
2.069387755102041 -7.850703251450221 -7.7554775997225835 -7.723953026358036 -7.723953026358036
2.085714285714286 -7.849444293744644 -7.755138364743855 -7.72280842152107 -7.72280842152107
2.1020408163265305 -7.848181928136079 -7.754795519586646 -7.721650959059439 -7.721650959059439
2.1183673469387756 -7.846917450606812 -7.754449009383924 -7.720482536627836 -7.720482536627836
2.1346938775510207 -7.845652110337641 -7.754098788502693 -7.719304958515641 -7.719304958515641
2.1510204081632653 -7.84438711117437 -7.753744819165703 -7.718119940061255 -7.718119940061255
2.1673469387755104 -7.843123612960798 -7.753387069936319 -7.71692911206412 -7.71692911206412
2.183673469387755 -7.841862732740954 -7.753025514177618 -7.715734025091299 -7.715734025091299
2.2 -7.8406055458317425 -7.752660128565202 -7.714536153603965 -7.714536153603965
