1.4 -7.873627152887874 -7.756190312201736 -7.729166043035704 -7.729166043035704
1.4163265306122448 -7.874562248508866 -7.757262523661146 -7.730567115241893 -7.730567115241893
1.4326530612244897 -7.875361103078303 -7.758207784678515 -7.7318593956779775 -7.7318593956779775
1.4489795918367345 -7.876030537778752 -7.759033669179541 -7.733047066639927 -7.733047066639927
1.4653061224489796 -7.876577048973588 -7.759747490834279 -7.734133971775618 -7.734133971775618
1.4816326530612245 -7.877006827556565 -7.760356325193096 -7.735123633056283 -7.735123633056283
1.4979591836734694 -7.8773257768975355 -7.760867029575956 -7.736019266799177 -7.736019266799177
1.5142857142857142 -7.877539529489917 -7.761286260460852 -7.7368237992607805 -7.7368237992607805
1.530612244897959 -7.87765346240097 -7.7616204880406885 -7.737539882387239 -7.737539882387239
1.546938775510204 -7.877672711620623 -7.76187600754317 -7.738169910367052 -7.738169910367052
1.5632653061224488 -7.87760218539925 -7.762058946848616 -7.738716037675342 -7.738716037675342
1.5795918367346937 -7.87744657665894 -7.762175269906265 -7.739180199312531 -7.739180199312531
1.5959183673469388 -7.877210374556048 -7.762230775462533 -7.739564133909436 -7.739564133909436
1.6122448979591837 -7.8768978752671694 -7.762231090693383 -7.739869410273446 -7.739869410273446
1.6285714285714286 -7.876513192063868 -7.762181659499402 -7.740097457767566 -7.740097457767566
1.6448979591836734 -7.8760602647366715 -7.762087725491929 -7.740249600629256 -7.740249600629256
1.6612244897959183 -7.875542868421933 -7.761954310073401 -7.740327095946409 -7.740327095946409
1.6775510204081634 -7.8749646218812535 -7.76178618648255 -7.740331174529669 -7.740331174529669
1.693877551020408 -7.874328995277693 -7.761587851190206 -7.740263083393624 -7.740263083393624
1.7102040816326531 -7.873639317488685 -7.761363494527753 -7.740124128053232 -7.740124128053232
1.726530612244898 -7.872898782991773 -7.761116972818691 -7.739915712446214 -7.739915712446214
1.7428571428571429 -7.872110458355663 -7.760851784468754 -7.739639374098496 -7.739639374098496
1.7591836734693878 -7.871277288365537 -7.760571052377906 -7.7392968122367725 -7.7392968122367725
1.7755102040816326 -7.870402101808843 -7.76027751463333 -7.738889906948738 -7.738889906948738
1.7918367346938777 -7.869487616945231 -7.759973524758983 -7.738420728172115 -7.738420728172115
1.8081632653061224 -7.868536446681251 -7.759661061920967 -7.737891534162852 -7.737891534162852
1.8244897959183675 -7.867551103469033 -7.759341750560001 -7.73730476001818 -7.73730476001818
1.8408163265306123 -7.866534003945708 -7.759016888088397 -7.736662997659806 -7.736662997659806
1.8571428571428572 -7.865487473328222 -7.758687478674131 -7.735968969292297 -7.735968969292297
1.873469387755102 -7.864413749577601 -7.758354270813308 -7.735225496672329 -7.735225496672329
1.889795918367347 -7.863314987343884 -7.758017796369441 -7.734435468541446 -7.734435468541446
1.906122448979592 -7.862193261702766 -7.757678408990964 -7.733601808341107 -7.733601808341107
1.9224489795918367 -7.8610505716929024 -7.757336320223575 -7.732727443919597 -7.732727443919597
1.9387755102040818 -7.859888843662452 -7.756991632121705 -7.731815280451479 -7.731815280451479
1.9551020408163267 -7.858709934431476 -7.756644365651177 -7.7308681772984755 -7.7308681772984755
1.9714285714285715 -7.857515634277212 -7.7562944846069275 -7.729888929108509 -7.729888929108509
1.9877551020408164 -7.856307669747015 -7.755941915110372 -7.728880251105604 -7.728880251105604
2.0040816326530613 -7.855087706304085 -7.755586560992688 -7.727844768280231 -7.727844768280231
2.0204081632653064 -7.85385735080987 -7.755228315518787 -7.726785008039224 -7.726785008039224
2.036734693877551 -7.852618153846974 -7.754867069977917 -7.7257033958024985 -7.7257033958024985
2.053061224489796 -7.851371611885289 -7.754502719679121 -7.724602253018475 -7.724602253018475
2.069387755102041 -7.850119169294392 -7.7541351678633825 -7.72348379709664 -7.72348379709664
2.085714285714286 -7.848862220204569 -7.75376432799382 -7.722350142804295 -7.722350142804295
2.1020408163265305 -7.847602110218692 -7.753390124822952 -7.721203304735497 -7.721203304735497
2.1183673469387756 -7.846340137977485 -7.753012494572026 -7.720045200524439 -7.720045200524439
2.1346938775510207 -7.845077556580099 -7.7526313844946 -7.718877654535708 -7.718877654535708
2.1510204081632653 -7.843815574863008 -7.752246752041514 -7.71770240182041 -7.71770240182041
2.1673469387755104 -7.8425553585393954 -7.751858563794609 -7.716521092173804 -7.716521092173804
2.183673469387755 -7.841298031203051 -7.751466794297112 -7.715335294172107 -7.715335294172107
2.2 -7.840044675199748 -7.751071424873353 -7.714146499097743 -7.714146499097743
